20170801   0.00 103.33
20170801   0.25  94.00
20170801   0.50  86.33
20170801   0.75  89.00
20170801   1.00  83.33
20170801   1.25  89.67
20170801   1.50  88.33
20170801   1.75 101.00
20170801   2.00 111.33
20170801   2.25 116.00
20170801   2.50 157.67
20170801   2.75 154.67
20170801   3.00 157.33
20170801   3.25 176.00
20170801   3.50 165.00
20170801   3.75 153.33
20170801   4.00 174.00
20170801   4.25 197.67
20170801   4.50 168.67
20170801   4.75 138.67
20170801   5.00 131.00
20170801   5.25 122.00
20170801   5.50 112.00
20170801   5.75  99.67
20170801   6.00  78.33
20170801   6.25  62.33
20170801   6.50  58.33
20170801   6.75 108.67
20170801   7.00 124.33
20170801   7.25 122.33
20170801   7.50 145.33
20170801   7.75 135.33
20170801   8.00 136.33
20170801   8.25 170.67
20170801   8.50 205.00
20170801   8.75 132.67
20170801   9.00 141.67
20170801   9.25 152.67
20170801   9.50 176.67
20170801   9.75 189.00
20170801  10.00 156.00
20170801  10.25 146.00
20170801  10.50 185.33
20170801  10.75 217.67
20170801  11.00 199.67
20170801  11.25 210.67
20170801  11.50 428.00
20170801  11.75 451.00
20170801  12.00 339.67
20170801  12.25 325.67
20170801  12.50 260.00
20170801  12.75 191.67
20170801  13.00 198.00
20170801  13.25 218.00
20170801  13.50 176.33
20170801  13.75 170.33
20170801  14.00 137.67
20170801  14.25 143.00
20170801  14.50 130.33
20170801  14.75  90.67
20170801  15.00  75.00
20170801  15.25  79.00
20170801  15.50  83.33
20170801  15.75  56.67
20170801  16.00  40.67
20170801  16.25  37.67
20170801  16.50  57.33
20170801  16.75  50.33
20170801  17.00  42.67
20170801  17.25  40.00
20170801  17.50  45.33
20170801  17.75  48.33
20170801  18.00  63.00
20170801  18.25  40.00
20170801  18.50  33.33
20170801  18.75  40.33
20170801  19.00  39.33
20170801  19.25  46.67
20170801  19.50  60.67
20170801  19.75  74.67
20170801  20.00  50.67
20170801  20.25  45.00
20170801  20.50  47.00
20170801  20.75  57.00
20170801  21.00  59.33
20170801  21.25  62.00
20170801  21.50  57.33
20170801  21.75  62.00
20170801  22.00  62.67
20170801  22.25  64.67
20170801  22.50  57.67
20170801  22.75  75.00
20170801  23.00  83.00
20170801  23.25 105.00
20170801  23.50  80.67
20170801  23.75  54.00
20170802   0.00  60.67
20170802   0.25  60.67
20170802   0.50  57.00
20170802   0.75  68.00
20170802   1.00  57.00
20170802   1.25  57.33
20170802   1.50  52.67
20170802   1.75  56.00
20170802   2.00  55.33
20170802   2.25  50.33
20170802   2.50  52.33
20170802   2.75  55.67
20170802   3.00  59.33
20170802   3.25  57.00
20170802   3.50  66.67
20170802   3.75  70.00
20170802   4.00  74.00
20170802   4.25  67.67
20170802   4.50  67.33
20170802   4.75  72.67
20170802   5.00  78.00
20170802   5.25  73.00
20170802   5.50  75.33
20170802   5.75  70.67
20170802   6.00  71.67
20170802   6.25  69.00
20170802   6.50  66.00
20170802   6.75  68.33
20170802   7.00  60.33
20170802   7.25  63.67
20170802   7.50  58.00
20170802   7.75  55.00
20170802   8.00  61.33
20170802   8.25  66.00
20170802   8.50  70.33
20170802   8.75  81.00
20170802   9.00  79.67
20170802   9.25  78.67
20170802   9.50  80.33
20170802   9.75  62.00
20170802  10.00  74.00
20170802  10.25  67.33
20170802  10.50  77.00
20170802  10.75  74.33
20170802  11.00  59.00
20170802  11.25  58.00
20170802  11.50  64.00
20170802  11.75  69.67
20170802  12.00  65.00
20170802  12.25  77.33
20170802  12.50  69.00
20170802  12.75  68.00
20170802  13.00  62.33
20170802  13.25  96.33
20170802  13.50 135.00
20170802  13.75 170.33
20170802  14.00 233.00
20170802  14.25 470.00
20170802  14.50 420.33
20170802  14.75 414.67
20170802  15.00 407.67
20170802  15.25 299.00
20170802  15.50 214.67
20170802  15.75 112.33
20170802  16.00  50.33
20170802  16.25  58.00
20170802  16.50  56.67
20170802  16.75  43.33
20170802  17.00  57.33
20170802  17.25  66.33
20170802  17.50  61.00
20170802  17.75 101.67
20170802  18.00  87.67
20170802  18.25  72.67
20170802  18.50  56.00
20170802  18.75  46.00
20170802  19.00  47.00
20170802  19.25  59.33
20170802  19.50  61.00
20170802  19.75 107.67
20170802  20.00 126.00
20170802  20.25 122.67
20170802  20.50 112.00
20170802  20.75  94.67
20170802  21.00  81.00
20170802  21.25  95.00
20170802  21.50  97.00
20170802  21.75  75.33
20170802  22.00  79.33
20170802  22.25 120.33
20170802  22.50 156.33
20170802  22.75 148.00
20170802  23.00 154.00
20170802  23.25 116.67
20170802  23.50 102.67
20170802  23.75  68.00
20170803   0.00  48.67
20170803   0.25  42.00
20170803   0.50  39.67
20170803   0.75  42.67
20170803   1.00  47.00
20170803   1.25  58.33
20170803   1.50  61.00
20170803   1.75  61.33
20170803   2.00  55.67
20170803   2.25  52.00
20170803   2.50  50.67
20170803   2.75  53.67
20170803   3.00  56.00
20170803   3.25  57.67
20170803   3.50  57.67
20170803   3.75  96.33
20170803   4.00  92.00
20170803   4.25 111.67
20170803   4.50  88.67
20170803   4.75  67.67
20170803   5.00  54.00
20170803   5.25  49.67
20170803   5.50  52.67
20170803   5.75  49.67
20170803   6.00  54.00
20170803   6.25  56.67
20170803   6.50  50.00
20170803   6.75  42.33
20170803   7.00  57.67
20170803   7.25  59.67
20170803   7.50  57.67
20170803   7.75  56.33
20170803   8.00  74.33
20170803   8.25  77.00
20170803   8.50  69.33
20170803   8.75  83.33
20170803   9.00  92.33
20170803   9.25  78.67
20170803   9.50  72.67
20170803   9.75  83.00
20170803  10.00  88.67
20170803  10.25  72.67
20170803  10.50  81.67
20170803  10.75  80.00
20170803  11.00  72.67
20170803  11.25  68.00
20170803  11.50  63.33
20170803  11.75  61.67
20170803  12.00  61.00
20170803  12.25  58.67
20170803  12.50  56.67
20170803  12.75  71.00
20170803  13.00  69.00
20170803  13.25  78.00
20170803  13.50  85.33
20170803  13.75  67.33
20170803  14.00  56.67
20170803  14.25  88.67
20170803  14.50 133.00
20170803  14.75 161.33
20170803  15.00 181.33
20170803  15.25 166.00
20170803  15.50 288.67
20170803  15.75 581.00
20170803  16.00 497.00
20170803  16.25 456.33
20170803  16.50 543.00
20170803  16.75 489.33
20170803  17.00 445.33
20170803  17.25 449.33
20170803  17.50 515.00
20170803  17.75 417.33
20170803  18.00 368.00
20170803  18.25 484.67
20170803  18.50 320.67
20170803  18.75 308.33
20170803  19.00 296.33
20170803  19.25 333.67
20170803  19.50 367.67
20170803  19.75 546.67
20170803  20.00 602.33
20170803  20.25 793.67
20170803  20.50 565.33
20170803  20.75 459.67
20170803  21.00 432.33
20170803  21.25 295.67
20170803  21.50 251.33
20170803  21.75 363.00
20170803  22.00 356.67
20170803  22.25 271.33
20170803  22.50 216.00
20170803  22.75 275.33
20170803  23.00 214.33
20170803  23.25 162.00
20170803  23.50 144.33
20170803  23.75 119.00
20170804   0.00 124.33
20170804   0.25 126.33
20170804   0.50 160.00
20170804   0.75 121.67
20170804   1.00 126.00
20170804   1.25 138.33
20170804   1.50 123.33
20170804   1.75 107.33
20170804   2.00  97.33
20170804   2.25 100.00
20170804   2.50  66.67
20170804   2.75  66.00
20170804   3.00  65.00
20170804   3.25  54.00
20170804   3.50  81.33
20170804   3.75  68.67
20170804   4.00  93.33
20170804   4.25  57.33
20170804   4.50  60.00
20170804   4.75  77.00
20170804   5.00  69.67
20170804   5.25  96.00
20170804   5.50  97.33
20170804   5.75  63.00
20170804   6.00  52.33
20170804   6.25  58.00
20170804   6.50  90.67
20170804   6.75 133.33
20170804   7.00 120.33
20170804   7.25 172.67
20170804   7.50 199.67
20170804   7.75 222.33
20170804   8.00 519.00
20170804   8.25 807.33
20170804   8.50 1062.67
20170804   8.75 1066.67
20170804   9.00 967.67
20170804   9.25 754.33
20170804   9.50 704.00
20170804   9.75 692.00
20170804  10.00 735.67
20170804  10.25 654.67
20170804  10.50 683.00
20170804  10.75 745.00
20170804  11.00 676.33
20170804  11.25 614.00
20170804  11.50 351.33
20170804  11.75 297.00
20170804  12.00 243.00
20170804  12.25 374.33
20170804  12.50 665.00
20170804  12.75 581.67
20170804  13.00 438.33
20170804  13.25 402.00
20170804  13.50 413.00
20170804  13.75 459.67
20170804  14.00 951.33
20170804  14.25 1155.67
20170804  14.50 1178.67
20170804  14.75 999.33
20170804  15.00 639.00
20170804  15.25 405.33
20170804  15.50 474.00
20170804  15.75 331.00
20170804  16.00 211.67
20170804  16.25 226.33
20170804  16.50 282.00
20170804  16.75 379.67
20170804  17.00 311.00
20170804  17.25 360.67
20170804  17.50 296.33
20170804  17.75 478.67
20170804  18.00 610.33
20170804  18.25 335.33
20170804  18.50 213.00
20170804  18.75 140.67
20170804  19.00 205.33
20170804  19.25 184.33
20170804  19.50 256.33
20170804  19.75 225.00
20170804  20.00 160.67
20170804  20.25 123.67
20170804  20.50 142.67
20170804  20.75 136.67
20170804  21.00 171.00
20170804  21.25 323.33
20170804  21.50 451.33
20170804  21.75 503.33
20170804  22.00 387.67
20170804  22.25 262.67
20170804  22.50 147.67
20170804  22.75 167.67
20170804  23.00 243.00
20170804  23.25 356.67
20170804  23.50 376.33
20170804  23.75 278.33
20170805   0.00 278.00
20170805   0.25 392.33
20170805   0.50 337.67
20170805   0.75 352.33
20170805   1.00 526.33
20170805   1.25 631.33
20170805   1.50 462.67
20170805   1.75 457.33
20170805   2.00 506.67
20170805   2.25 477.33
20170805   2.50 491.67
20170805   2.75 396.67
20170805   3.00 312.00
20170805   3.25 420.67
20170805   3.50 401.67
20170805   3.75 541.33
20170805   4.00 578.33
20170805   4.25 530.00
20170805   4.50 475.33
20170805   4.75 718.00
20170805   5.00 768.33
20170805   5.25 523.00
20170805   5.50 563.00
20170805   5.75 604.00
20170805   6.00 541.33
20170805   6.25 354.33
20170805   6.50 327.33
20170805   6.75 427.67
20170805   7.00 318.67
20170805   7.25 293.33
20170805   7.50 423.00
20170805   7.75 313.33
20170805   8.00 405.00
20170805   8.25 586.00
20170805   8.50 599.00
20170805   8.75 382.00
20170805   9.00 291.33
20170805   9.25 202.00
20170805   9.50 118.00
20170805   9.75 134.67
20170805  10.00 154.33
20170805  10.25 216.33
20170805  10.50 213.33
20170805  10.75 244.33
20170805  11.00 269.33
20170805  11.25 297.33
20170805  11.50 286.67
20170805  11.75 267.67
20170805  12.00 245.33
20170805  12.25 236.67
20170805  12.50 243.00
20170805  12.75 265.00
20170805  13.00 351.67
20170805  13.25 468.67
20170805  13.50 540.33
20170805  13.75 452.00
20170805  14.00 568.00
20170805  14.25 586.33
20170805  14.50 558.33
20170805  14.75 451.67
20170805  15.00 330.67
20170805  15.25 446.67
20170805  15.50 291.33
20170805  15.75 289.00
20170805  16.00 210.33
20170805  16.25 138.33
20170805  16.50 100.67
20170805  16.75 128.33
20170805  17.00 428.33
20170805  17.25 387.67
20170805  17.50 789.67
20170805  17.75 716.33
20170805  18.00 765.00
20170805  18.25 574.00
20170805  18.50 515.67
20170805  18.75 378.33
20170805  19.00 275.67
20170805  19.25 201.67
20170805  19.50 102.00
20170805  19.75 100.67
20170805  20.00 145.33
20170805  20.25 267.33
20170805  20.50 330.33
20170805  20.75 348.67
20170805  21.00 276.67
20170805  21.25 285.67
20170805  21.50 299.67
20170805  21.75 216.33
20170805  22.00 186.67
20170805  22.25 171.33
20170805  22.50 254.67
20170805  22.75 270.00
20170805  23.00 245.00
20170805  23.25 268.33
20170805  23.50 318.33
20170805  23.75 634.00
20170806   0.00 746.33
20170806   0.25 529.33
20170806   0.50 460.67
20170806   0.75 511.00
20170806   1.00 476.67
20170806   1.25 412.00
20170806   1.50 198.67
20170806   1.75 104.67
20170806   2.00  99.00
20170806   2.25  67.33
20170806   2.50  88.33
20170806   2.75  94.67
20170806   3.00  77.00
20170806   3.25  59.33
20170806   3.50 114.00
20170806   3.75 116.33
20170806   4.00  96.00
20170806   4.25 198.33
20170806   4.50 388.33
20170806   4.75 428.33
20170806   5.00 324.00
20170806   5.25 193.33
20170806   5.50 170.67
20170806   5.75 204.33
20170806   6.00 235.33
20170806   6.25 207.67
20170806   6.50  96.00
20170806   6.75  57.00
20170806   7.00 128.67
20170806   7.25 245.67
20170806   7.50 240.67
20170806   7.75 189.33
20170806   8.00  88.33
20170806   8.25  99.33
20170806   8.50 163.67
20170806   8.75 347.33
20170806   9.00 710.67
20170806   9.25 932.67
20170806   9.50 1002.00
20170806   9.75 796.33
20170806  10.00 640.00
20170806  10.25 578.67
20170806  10.50 423.67
20170806  10.75 330.00
20170806  11.00 189.00
20170806  11.25 179.00
20170806  11.50 200.33
20170806  11.75 258.33
20170806  12.00 379.67
20170806  12.25 389.00
20170806  12.50 365.00
20170806  12.75 312.33
20170806  13.00 352.00
20170806  13.25 462.33
20170806  13.50 307.33
20170806  13.75 233.33
20170806  14.00 192.00
20170806  14.25 210.33
20170806  14.50 212.33
20170806  14.75 122.67
20170806  15.00  87.67
20170806  15.25  71.00
20170806  15.50  58.67
20170806  15.75  58.00
20170806  16.00 106.33
20170806  16.25 111.67
20170806  16.50  97.67
20170806  16.75 155.33
20170806  17.00 182.00
20170806  17.25 191.00
20170806  17.50 295.00
20170806  17.75 309.00
20170806  18.00 412.67
20170806  18.25 574.67
20170806  18.50 377.33
20170806  18.75 265.00
20170806  19.00 218.00
20170806  19.25 147.67
20170806  19.50  93.67
20170806  19.75  92.00
20170806  20.00 146.00
20170806  20.25 133.00
20170806  20.50 221.67
20170806  20.75 267.67
20170806  21.00 318.67
20170806  21.25 336.00
20170806  21.50 373.00
20170806  21.75 426.33
20170806  22.00 392.67
20170806  22.25 256.00
20170806  22.50 150.00
20170806  22.75  75.33
20170806  23.00  91.00
20170806  23.25 101.67
20170806  23.50  67.67
20170806  23.75  61.67
20170807   0.00  80.33
20170807   0.25  76.67
20170807   0.50  67.00
20170807   0.75  52.33
20170807   1.00  58.33
20170807   1.25  63.67
20170807   1.50  67.33
20170807   1.75  91.67
20170807   2.00  79.67
20170807   2.25  67.00
20170807   2.50  72.33
20170807   2.75  57.00
20170807   3.00  66.67
20170807   3.25 112.00
20170807   3.50 133.33
20170807   3.75 136.33
20170807   4.00  98.00
20170807   4.25  65.00
20170807   4.50  41.33
20170807   4.75  33.67
20170807   5.00  35.67
20170807   5.25  42.67
20170807   5.50  37.00
20170807   5.75  33.33
20170807   6.00  73.00
20170807   6.25 149.67
20170807   6.50 143.00
20170807   6.75  86.33
20170807   7.00 107.33
20170807   7.25 125.00
20170807   7.50  97.33
20170807   7.75 123.67
20170807   8.00 291.33
20170807   8.25 422.00
20170807   8.50 436.33
20170807   8.75 388.00
20170807   9.00 493.67
20170807   9.25 379.33
20170807   9.50 367.33
20170807   9.75 306.67
20170807  10.00 240.00
20170807  10.25 216.33
20170807  10.50 150.33
20170807  10.75 218.00
20170807  11.00 246.33
20170807  11.25 327.00
20170807  11.50 262.33
20170807  11.75 318.33
20170807  12.00 447.67
20170807  12.25 433.33
20170807  12.50 317.33
20170807  12.75 164.00
20170807  13.00 149.00
20170807  13.25 182.00
20170807  13.50 179.67
20170807  13.75 118.67
20170807  14.00 101.67
20170807  14.25 113.67
20170807  14.50 148.33
20170807  14.75 118.67
20170807  15.00  96.00
20170807  15.25  85.33
20170807  15.50  76.67
20170807  15.75  56.33
20170807  16.00  61.00
20170807  16.25  50.00
20170807  16.50  42.67
20170807  16.75  40.67
20170807  17.00  31.67
20170807  17.25  33.00
20170807  17.50  72.00
20170807  17.75  39.33
20170807  18.00  31.33
20170807  18.25  34.00
20170807  18.50  25.67
20170807  18.75  30.00
20170807  19.00  30.33
20170807  19.25  38.00
20170807  19.50  43.67
20170807  19.75  47.33
20170807  20.00  37.33
20170807  20.25  38.67
20170807  20.50  41.00
20170807  20.75  39.33
20170807  21.00  39.00
20170807  21.25  42.67
20170807  21.50  46.67
20170807  21.75  47.00
20170807  22.00  43.67
20170807  22.25  41.33
20170807  22.50  40.67
20170807  22.75  35.67
20170807  23.00  37.00
20170807  23.25  38.33
20170807  23.50  38.67
20170807  23.75  38.33
20170808   0.00  34.67
20170808   0.25  54.67
20170808   0.50  57.67
20170808   0.75  38.67
20170808   1.00  34.67
20170808   1.25  37.00
20170808   1.50  42.33
20170808   1.75  31.00
20170808   2.00  34.00
20170808   2.25  37.67
20170808   2.50  39.00
20170808   2.75  36.33
20170808   3.00  41.33
20170808   3.25  44.33
20170808   3.50  42.00
20170808   3.75  45.33
20170808   4.00  36.33
20170808   4.25  37.33
20170808   4.50  43.67
20170808   4.75  37.00
20170808   5.00  28.33
20170808   5.25  25.67
20170808   5.50  27.67
20170808   5.75  34.33
20170808   6.00  31.00
20170808   6.25  31.33
20170808   6.50  30.67
20170808   6.75  34.33
20170808   7.00  38.00
20170808   7.25  37.00
20170808   7.50  35.00
20170808   7.75  41.33
20170808   8.00  50.67
20170808   8.25 108.00
20170808   8.50 115.33
20170808   8.75  50.67
20170808   9.00  58.33
20170808   9.25  48.67
20170808   9.50  46.00
20170808   9.75  92.00
20170808  10.00 152.67
20170808  10.25 130.33
20170808  10.50  74.00
20170808  10.75 118.67
20170808  11.00 105.33
20170808  11.25  62.67
20170808  11.50  56.33
20170808  11.75  55.00
20170808  12.00  64.00
20170808  12.25  67.00
20170808  12.50  55.67
20170808  12.75  58.00
20170808  13.00  75.33
20170808  13.25 146.67
20170808  13.50 106.33
20170808  13.75 103.33
20170808  14.00  99.33
20170808  14.25  90.33
20170808  14.50  80.00
20170808  14.75  96.67
20170808  15.00  84.33
20170808  15.25 130.67
20170808  15.50 200.67
20170808  15.75 213.67
20170808  16.00 228.33
20170808  16.25 209.33
20170808  16.50 266.00
20170808  16.75 329.33
20170808  17.00 359.67
20170808  17.25 392.33
20170808  17.50 257.00
20170808  17.75 155.67
20170808  18.00 107.00
20170808  18.25 148.00
20170808  18.50 101.33
20170808  18.75  55.67
20170808  19.00  72.33
20170808  19.25  55.00
20170808  19.50  42.33
20170808  19.75  57.00
20170808  20.00  62.00
20170808  20.25  50.00
20170808  20.50  43.33
20170808  20.75  43.00
20170808  21.00  48.67
20170808  21.25  63.67
20170808  21.50  47.67
20170808  21.75  52.00
20170808  22.00  39.00
20170808  22.25  37.67
20170808  22.50  52.00
20170808  22.75  46.00
20170808  23.00  35.33
20170808  23.25  33.33
20170808  23.50  40.00
20170808  23.75  39.33
20170809   0.00  34.67
20170809   0.25  42.00
20170809   0.50  47.00
20170809   0.75  49.33
20170809   1.00  65.67
20170809   1.25  39.33
20170809   1.50  37.00
20170809   1.75  46.67
20170809   2.00  41.00
20170809   2.25  40.33
20170809   2.50  35.00
20170809   2.75  37.00
20170809   3.00  35.00
20170809   3.25  32.33
20170809   3.50  30.67
20170809   3.75  28.00
20170809   4.00  27.33
20170809   4.25  29.33
20170809   4.50  33.67
20170809   4.75  36.33
20170809   5.00  35.67
20170809   5.25  37.00
20170809   5.50  57.00
20170809   5.75  69.00
20170809   6.00 103.67
20170809   6.25 203.33
20170809   6.50 279.67
20170809   6.75 260.33
20170809   7.00 254.00
20170809   7.25 163.33
20170809   7.50 123.00
20170809   7.75  74.67
20170809   8.00  60.33
20170809   8.25  47.67
20170809   8.50  42.67
20170809   8.75  50.67
20170809   9.00  69.33
20170809   9.25  91.33
20170809   9.50  83.00
20170809   9.75  74.33
20170809  10.00  61.67
20170809  10.25  65.67
20170809  10.50 115.00
20170809  10.75 204.33
20170809  11.00 248.67
20170809  11.25 122.00
20170809  11.50 165.67
20170809  11.75 155.00
20170809  12.00 177.67
20170809  12.25 247.00
20170809  12.50 241.33
20170809  12.75 190.33
20170809  13.00 154.00
20170809  13.25 176.33
20170809  13.50 238.00
20170809  13.75 325.33
20170809  14.00 245.00
20170809  14.25 167.00
20170809  14.50 106.67
20170809  14.75  84.33
20170809  15.00  63.00
20170809  15.25  70.33
20170809  15.50  55.00
20170809  15.75  64.67
20170809  16.00 103.67
20170809  16.25 165.00
20170809  16.50 139.67
20170809  16.75 108.67
20170809  17.00 109.33
20170809  17.25 136.00
20170809  17.50 107.67
20170809  17.75 118.00
20170809  18.00 137.00
20170809  18.25 140.67
20170809  18.50 130.33
20170809  18.75 153.33
20170809  19.00 149.00
20170809  19.25 168.00
20170809  19.50 104.67
20170809  19.75  89.67
20170809  20.00  54.67
20170809  20.25  46.33
20170809  20.50  51.33
20170809  20.75  57.33
20170809  21.00  50.00
20170809  21.25  44.33
20170809  21.50  57.67
20170809  21.75  58.67
20170809  22.00  93.00
20170809  22.25 124.00
20170809  22.50 146.00
20170809  22.75 140.00
20170809  23.00 107.00
20170809  23.25  61.33
20170809  23.50  72.00
20170809  23.75  63.67
20170810   0.00  55.67
20170810   0.25  51.33
20170810   0.50  44.33
20170810   0.75  45.67
20170810   1.00  62.33
20170810   1.25  54.00
20170810   1.50  54.00
20170810   1.75  53.00
20170810   2.00  55.33
20170810   2.25  54.00
20170810   2.50  56.67
20170810   2.75  66.00
20170810   3.00  70.00
20170810   3.25  59.33
20170810   3.50  62.00
20170810   3.75  62.33
20170810   4.00  59.33
20170810   4.25  69.00
20170810   4.50  60.67
20170810   4.75  69.00
20170810   5.00  73.67
20170810   5.25  79.00
20170810   5.50  79.33
20170810   5.75  76.33
20170810   6.00  72.33
20170810   6.25  64.00
20170810   6.50  71.33
20170810   6.75  75.67
20170810   7.00  57.33
20170810   7.25  86.00
20170810   7.50 115.33
20170810   7.75  64.67
20170810   8.00 139.33
20170810   8.25 152.33
20170810   8.50 146.33
20170810   8.75 133.33
20170810   9.00 330.33
20170810   9.25 277.67
20170810   9.50 229.33
20170810   9.75 207.00
20170810  10.00 262.00
20170810  10.25 276.67
20170810  10.50 238.67
20170810  10.75 197.00
20170810  11.00 220.33
20170810  11.25 231.67
20170810  11.50 133.67
20170810  11.75 105.00
20170810  12.00 161.00
20170810  12.25  82.00
20170810  12.50  68.33
20170810  12.75  58.33
20170810  13.00  61.67
20170810  13.25  84.67
20170810  13.50  89.00
20170810  13.75  85.67
20170810  14.00  63.33
20170810  14.25  65.33
20170810  14.50  94.67
20170810  14.75  78.67
20170810  15.00  83.00
20170810  15.25  74.00
20170810  15.50  54.33
20170810  15.75  88.67
20170810  16.00 102.33
20170810  16.25 110.00
20170810  16.50 101.00
20170810  16.75 107.67
20170810  17.00 104.67
20170810  17.25  85.00
20170810  17.50  71.00
20170810  17.75  81.33
20170810  18.00  59.33
20170810  18.25  31.33
20170810  18.50  33.00
20170810  18.75  29.67
20170810  19.00  35.33
20170810  19.25  43.33
20170810  19.50  33.67
20170810  19.75  47.33
20170810  20.00  49.00
20170810  20.25  57.33
20170810  20.50  58.33
20170810  20.75  57.00
20170810  21.00  67.67
20170810  21.25  63.00
20170810  21.50  72.00
20170810  21.75  60.67
20170810  22.00  62.67
20170810  22.25  80.67
20170810  22.50 170.33
20170810  22.75 167.67
20170810  23.00 142.67
20170810  23.25 100.00
20170810  23.50  82.67
20170810  23.75 112.33
20170811   0.00  58.33
20170811   0.25  50.00
20170811   0.50  57.33
20170811   0.75  50.33
20170811   1.00  71.33
20170811   1.25  50.33
20170811   1.50  93.33
20170811   1.75  71.67
20170811   2.00  75.33
20170811   2.25  63.33
20170811   2.50  56.67
20170811   2.75  59.00
20170811   3.00  61.00
20170811   3.25  68.67
20170811   3.50  91.33
20170811   3.75 148.00
20170811   4.00 151.00
20170811   4.25 148.00
20170811   4.50 128.33
20170811   4.75 171.67
20170811   5.00 166.00
20170811   5.25 130.67
20170811   5.50 144.00
20170811   5.75 147.33
20170811   6.00 199.33
20170811   6.25 234.00
20170811   6.50 223.00
20170811   6.75 111.67
20170811   7.00  91.67
20170811   7.25 100.67
20170811   7.50  87.00
20170811   7.75  75.33
20170811   8.00  60.33
20170811   8.25  65.67
20170811   8.50  96.33
20170811   8.75  86.33
20170811   9.00  61.00
20170811   9.25  50.00
20170811   9.50  54.00
20170811   9.75  65.00
20170811  10.00  69.33
20170811  10.25  81.67
20170811  10.50  89.00
20170811  10.75  82.00
20170811  11.00  81.33
20170811  11.25  87.33
20170811  11.50  99.33
20170811  11.75  87.00
20170811  12.00  67.67
20170811  12.25  73.00
20170811  12.50  71.67
20170811  12.75  69.00
20170811  13.00  67.33
20170811  13.25  54.67
20170811  13.50  55.67
20170811  13.75  55.00
20170811  14.00  67.00
20170811  14.25  99.00
20170811  14.50 166.00
20170811  14.75 118.00
20170811  15.00 226.67
20170811  15.25 402.00
20170811  15.50 354.00
20170811  15.75 198.00
20170811  16.00 155.67
20170811  16.25 118.67
20170811  16.50  58.67
20170811  16.75  61.00
20170811  17.00  49.00
20170811  17.25  40.33
20170811  17.50  33.33
20170811  17.75  39.33
20170811  18.00  47.00
20170811  18.25  63.67
20170811  18.50  54.33
20170811  18.75  72.00
20170811  19.00 220.33
20170811  19.25 271.67
20170811  19.50 376.00
20170811  19.75 505.67
20170811  20.00 558.33
20170811  20.25 462.33
20170811  20.50 261.00
20170811  20.75 123.00
20170811  21.00  70.67
20170811  21.25  52.33
20170811  21.50  54.33
20170811  21.75  50.00
20170811  22.00  60.00
20170811  22.25  54.00
20170811  22.50  42.67
20170811  22.75  48.67
20170811  23.00  63.00
20170811  23.25  52.33
20170811  23.50  54.67
20170811  23.75  56.67
20170812   0.00  64.67
20170812   0.25  75.67
20170812   0.50  69.67
20170812   0.75  68.67
20170812   1.00  83.67
20170812   1.25 137.33
20170812   1.50  81.67
20170812   1.75  69.00
20170812   2.00  97.67
20170812   2.25 344.67
20170812   2.50 365.33
20170812   2.75 331.67
20170812   3.00 414.00
20170812   3.25 478.00
20170812   3.50 402.33
20170812   3.75 411.00
20170812   4.00 351.67
20170812   4.25 194.00
20170812   4.50 138.00
20170812   4.75 141.67
20170812   5.00 110.33
20170812   5.25  89.00
20170812   5.50  74.33
20170812   5.75  80.67
20170812   6.00  77.67
20170812   6.25 124.33
20170812   6.50  87.33
20170812   6.75 104.67
20170812   7.00  95.00
20170812   7.25 213.00
20170812   7.50 253.33
20170812   7.75 255.67
20170812   8.00 201.00
20170812   8.25 124.33
20170812   8.50  63.00
20170812   8.75  57.00
20170812   9.00  69.33
20170812   9.25  70.67
20170812   9.50  63.33
20170812   9.75  66.00
20170812  10.00  66.67
20170812  10.25  64.33
20170812  10.50  80.67
20170812  10.75  67.00
20170812  11.00  64.33
20170812  11.25  60.00
20170812  11.50  60.33
20170812  11.75  57.67
20170812  12.00  86.00
20170812  12.25  93.67
20170812  12.50  85.67
20170812  12.75  64.33
20170812  13.00  60.33
20170812  13.25  85.00
20170812  13.50  76.33
20170812  13.75 110.33
20170812  14.00 254.00
20170812  14.25 207.00
20170812  14.50 129.67
20170812  14.75  87.67
20170812  15.00  81.33
20170812  15.25  88.00
20170812  15.50  49.33
20170812  15.75  38.67
20170812  16.00  42.33
20170812  16.25  46.67
20170812  16.50  67.67
20170812  16.75  63.00
20170812  17.00  91.00
20170812  17.25  56.67
20170812  17.50  42.67
20170812  17.75  44.67
20170812  18.00  57.00
20170812  18.25  69.33
20170812  18.50 127.33
20170812  18.75 127.33
20170812  19.00 176.00
20170812  19.25 261.33
20170812  19.50 240.00
20170812  19.75 274.33
20170812  20.00 271.67
20170812  20.25 406.67
20170812  20.50 360.67
20170812  20.75 282.00
20170812  21.00 159.00
20170812  21.25  91.67
20170812  21.50 127.33
20170812  21.75 149.33
20170812  22.00  77.33
20170812  22.25  87.33
20170812  22.50 127.67
20170812  22.75 233.67
20170812  23.00 294.67
20170812  23.25 238.00
20170812  23.50 320.00
20170812  23.75 508.67
20170813   0.00 571.67
20170813   0.25 445.67
20170813   0.50 359.67
20170813   0.75 335.33
20170813   1.00 244.33
20170813   1.25 178.00
20170813   1.50 122.67
20170813   1.75 110.33
20170813   2.00 124.67
20170813   2.25 148.67
20170813   2.50 172.67
20170813   2.75 167.33
20170813   3.00 286.00
20170813   3.25 284.00
20170813   3.50 222.67
20170813   3.75 232.67
20170813   4.00 209.67
20170813   4.25 196.00
20170813   4.50 195.33
20170813   4.75 161.00
20170813   5.00 187.00
20170813   5.25 168.00
20170813   5.50 100.00
20170813   5.75  96.33
20170813   6.00  63.67
20170813   6.25  65.67
20170813   6.50 146.00
20170813   6.75 207.33
20170813   7.00 310.33
20170813   7.25 178.00
20170813   7.50 100.00
20170813   7.75  86.33
20170813   8.00  47.33
20170813   8.25  43.00
20170813   8.50  42.33
20170813   8.75  62.33
20170813   9.00  87.33
20170813   9.25  62.67
20170813   9.50  49.67
20170813   9.75  72.67
20170813  10.00 112.67
20170813  10.25  62.00
20170813  10.50  56.33
20170813  10.75  96.67
20170813  11.00 148.33
20170813  11.25 236.33
20170813  11.50 319.00
20170813  11.75 334.00
20170813  12.00 219.00
20170813  12.25 302.67
20170813  12.50 219.00
20170813  12.75 166.33
20170813  13.00 111.00
20170813  13.25  79.67
20170813  13.50  88.67
20170813  13.75  59.00
20170813  14.00  60.00
20170813  14.25  70.33
20170813  14.50  84.00
20170813  14.75  85.33
20170813  15.00  94.00
20170813  15.25 148.67
20170813  15.50 139.67
20170813  15.75 136.33
20170813  16.00 120.00
20170813  16.25  67.00
20170813  16.50  58.33
20170813  16.75  91.67
20170813  17.00  82.00
20170813  17.25 128.00
20170813  17.50 188.67
20170813  17.75 230.33
20170813  18.00 279.00
20170813  18.25 237.33
20170813  18.50 157.00
20170813  18.75 139.33
20170813  19.00 132.00
20170813  19.25 141.67
20170813  19.50 141.67
20170813  19.75  96.00
20170813  20.00  70.33
20170813  20.25  93.33
20170813  20.50 100.00
20170813  20.75 106.67
20170813  21.00 159.67
20170813  21.25 251.00
20170813  21.50 224.67
20170813  21.75 203.33
20170813  22.00 205.33
20170813  22.25 218.33
20170813  22.50 223.33
20170813  22.75 202.00
20170813  23.00 155.00
20170813  23.25 101.00
20170813  23.50  99.33
20170813  23.75 131.33
20170814   0.00 138.33
20170814   0.25 170.00
20170814   0.50 290.00
20170814   0.75 416.00
20170814   1.00 341.33
20170814   1.25 274.33
20170814   1.50 254.00
20170814   1.75 212.00
20170814   2.00 209.33
20170814   2.25 130.33
20170814   2.50  89.00
20170814   2.75  61.67
20170814   3.00  56.00
20170814   3.25  43.00
20170814   3.50  29.33
20170814   3.75  26.33
20170814   4.00  29.33
20170814   4.25  34.00
20170814   4.50  35.33
20170814   4.75  76.00
20170814   5.00  79.67
20170814   5.25  64.33
20170814   5.50  55.67
20170814   5.75  51.00
20170814   6.00  43.67
20170814   6.25  29.33
20170814   6.50  30.00
20170814   6.75  27.00
20170814   7.00  30.33
20170814   7.25  31.00
20170814   7.50  33.00
20170814   7.75  33.67
20170814   8.00  37.00
20170814   8.25  37.00
20170814   8.50  35.33
20170814   8.75  39.00
20170814   9.00  48.00
20170814   9.25  43.00
20170814   9.50  44.67
20170814   9.75  45.67
20170814  10.00  62.33
20170814  10.25  70.00
20170814  10.50  44.33
20170814  10.75  46.67
20170814  11.00  89.00
20170814  11.25  69.33
20170814  11.50  59.00
20170814  11.75  88.67
20170814  12.00 225.67
20170814  12.25 278.33
20170814  12.50 285.00
20170814  12.75 435.33
20170814  13.00 362.00
20170814  13.25 276.67
20170814  13.50 150.33
20170814  13.75  93.67
20170814  14.00  56.67
20170814  14.25  50.67
20170814  14.50  49.33
20170814  14.75 110.00
20170814  15.00 169.33
20170814  15.25 166.00
20170814  15.50 157.33
20170814  15.75 146.00
20170814  16.00 130.00
20170814  16.25  77.33
20170814  16.50  63.67
20170814  16.75  53.67
20170814  17.00  57.67
20170814  17.25  82.00
20170814  17.50 108.33
20170814  17.75 179.33
20170814  18.00 181.67
20170814  18.25 173.67
20170814  18.50 183.00
20170814  18.75 185.33
20170814  19.00 161.00
20170814  19.25 126.33
20170814  19.50 129.00
20170814  19.75  94.33
20170814  20.00  53.67
20170814  20.25  35.67
20170814  20.50  46.00
20170814  20.75  87.00
20170814  21.00  64.67
20170814  21.25  60.33
20170814  21.50  61.00
20170814  21.75  64.00
20170814  22.00  60.00
20170814  22.25  55.00
20170814  22.50  43.00
20170814  22.75  49.00
20170814  23.00  59.67
20170814  23.25  67.33
20170814  23.50  78.67
20170814  23.75  68.33
20170815   0.00  68.33
20170815   0.25  60.33
20170815   0.50  58.00
20170815   0.75  61.00
20170815   1.00  66.67
20170815   1.25  62.33
20170815   1.50  62.00
20170815   1.75  61.33
20170815   2.00  73.33
20170815   2.25  76.00
20170815   2.50  73.67
20170815   2.75  91.00
20170815   3.00  85.67
20170815   3.25  74.00
20170815   3.50  89.33
20170815   3.75 100.67
20170815   4.00  94.67
20170815   4.25  78.00
20170815   4.50  70.67
20170815   4.75  75.33
20170815   5.00 119.33
20170815   5.25 178.33
20170815   5.50 123.67
20170815   5.75 108.67
20170815   6.00 102.67
20170815   6.25 105.00
20170815   6.50  73.33
20170815   6.75  57.33
20170815   7.00  59.00
20170815   7.25  64.00
20170815   7.50  60.67
20170815   7.75  58.33
20170815   8.00  58.33
20170815   8.25  58.33
20170815   8.50  59.33
20170815   8.75  70.33
20170815   9.00  76.00
20170815   9.25  75.00
20170815   9.50  59.33
20170815   9.75  47.33
20170815  10.00  38.33
20170815  10.25  38.33
20170815  10.50  38.67
20170815  10.75  41.00
20170815  11.00  59.67
20170815  11.25  47.67
20170815  11.50  50.00
20170815  11.75  48.00
20170815  12.00  49.33
20170815  12.25  52.67
20170815  12.50  63.00
20170815  12.75  62.67
20170815  13.00  62.00
20170815  13.25  68.00
20170815  13.50  70.00
20170815  13.75  72.33
20170815  14.00  79.00
20170815  14.25  66.33
20170815  14.50  66.67
20170815  14.75  86.00
20170815  15.00  73.00
20170815  15.25  69.33
20170815  15.50  66.33
20170815  15.75  47.67
20170815  16.00  49.67
20170815  16.25  47.00
20170815  16.50  37.33
20170815  16.75  35.67
20170815  17.00  31.00
20170815  17.25  29.33
20170815  17.50  30.33
20170815  17.75  35.67
20170815  18.00  28.67
20170815  18.25  24.33
20170815  18.50  28.33
20170815  18.75  39.00
20170815  19.00  43.67
20170815  19.25  35.33
20170815  19.50  29.00
20170815  19.75  40.33
20170815  20.00  57.33
20170815  20.25  34.67
20170815  20.50  36.67
20170815  20.75  49.33
20170815  21.00  86.67
20170815  21.25  43.67
20170815  21.50  37.33
20170815  21.75  46.33
20170815  22.00  36.67
20170815  22.25  39.33
20170815  22.50  38.33
20170815  22.75  41.67
20170815  23.00  48.00
20170815  23.25  67.67
20170815  23.50  95.00
20170815  23.75 100.33
20170816   0.00  74.67
20170816   0.25  68.00
20170816   0.50  63.67
20170816   0.75  60.67
20170816   1.00  46.33
20170816   1.25  51.33
20170816   1.50  56.67
20170816   1.75  60.00
20170816   2.00  66.00
20170816   2.25  59.00
20170816   2.50  71.33
20170816   2.75  61.67
20170816   3.00  46.00
20170816   3.25  42.33
20170816   3.50  41.67
20170816   3.75  38.33
20170816   4.00  33.33
20170816   4.25  33.33
20170816   4.50  31.00
20170816   4.75  29.00
20170816   5.00  42.67
20170816   5.25  39.33
20170816   5.50  58.00
20170816   5.75  81.00
20170816   6.00 132.67
20170816   6.25 281.33
20170816   6.50 257.67
20170816   6.75 205.00
20170816   7.00 271.33
20170816   7.25 231.00
20170816   7.50 270.67
20170816   7.75 249.67
20170816   8.00 231.67
20170816   8.25 162.00
20170816   8.50 162.33
20170816   8.75 147.33
20170816   9.00 117.67
20170816   9.25  84.00
20170816   9.50  96.67
20170816   9.75 108.67
20170816  10.00  93.67
20170816  10.25 118.33
20170816  10.50 189.67
20170816  10.75 223.00
20170816  11.00 192.67
20170816  11.25 185.33
20170816  11.50 167.00
20170816  11.75 192.67
20170816  12.00 185.00
20170816  12.25 170.67
20170816  12.50 173.67
20170816  12.75 155.33
20170816  13.00  91.67
20170816  13.25  61.33
20170816  13.50  52.33
20170816  13.75  43.67
20170816  14.00  45.67
20170816  14.25  62.00
20170816  14.50  65.33
20170816  14.75  73.33
20170816  15.00  78.33
20170816  15.25  91.67
20170816  15.50 107.33
20170816  15.75 119.67
20170816  16.00 128.67
20170816  16.25 101.67
20170816  16.50 121.00
20170816  16.75 144.67
20170816  17.00 136.33
20170816  17.25 157.67
20170816  17.50 219.33
20170816  17.75 212.00
20170816  18.00 219.00
20170816  18.25 199.00
20170816  18.50 167.67
20170816  18.75 195.33
20170816  19.00 256.33
20170816  19.25 263.67
20170816  19.50 293.33
20170816  19.75 316.33
20170816  20.00 345.67
20170816  20.25 332.00
20170816  20.50 245.33
20170816  20.75 163.00
20170816  21.00 165.00
20170816  21.25 145.67
20170816  21.50 132.33
20170816  21.75 150.00
20170816  22.00 179.67
20170816  22.25 222.67
20170816  22.50 186.67
20170816  22.75 151.00
20170816  23.00 155.00
20170816  23.25 213.00
20170816  23.50 372.00
20170816  23.75 295.00
20170817   0.00 404.67
20170817   0.25 560.33
20170817   0.50 536.33
20170817   0.75 347.00
20170817   1.00 249.33
20170817   1.25 188.33
20170817   1.50 131.33
20170817   1.75  93.33
20170817   2.00  62.00
20170817   2.25  69.67
20170817   2.50  67.00
20170817   2.75  64.33
20170817   3.00  68.33
20170817   3.25 112.33
20170817   3.50 143.67
20170817   3.75 139.00
20170817   4.00  74.33
20170817   4.25  86.00
20170817   4.50 194.00
20170817   4.75 216.33
20170817   5.00 254.00
20170817   5.25 146.33
20170817   5.50 125.33
20170817   5.75 134.67
20170817   6.00  74.33
20170817   6.25  54.00
20170817   6.50  53.67
20170817   6.75  51.67
20170817   7.00 140.00
20170817   7.25 178.67
20170817   7.50 254.33
20170817   7.75 461.33
20170817   8.00 943.00
20170817   8.25 1154.00
20170817   8.50 624.00
20170817   8.75 416.67
20170817   9.00 494.33
20170817   9.25 787.00
20170817   9.50 711.33
20170817   9.75 516.67
20170817  10.00 503.00
20170817  10.25 479.67
20170817  10.50 452.33
20170817  10.75 462.67
20170817  11.00 571.33
20170817  11.25 572.00
20170817  11.50 714.67
20170817  11.75 1067.33
20170817  12.00 1464.33
20170817  12.25 918.00
20170817  12.50 751.67
20170817  12.75 649.00
20170817  13.00 531.00
20170817  13.25 452.67
20170817  13.50 551.67
20170817  13.75 806.67
20170817  14.00 851.67
20170817  14.25 776.33
20170817  14.50 738.00
20170817  14.75 530.67
20170817  15.00 403.00
20170817  15.25 377.67
20170817  15.50 299.33
20170817  15.75 330.33
20170817  16.00 264.67
20170817  16.25 225.00
20170817  16.50 169.67
20170817  16.75 173.33
20170817  17.00 220.00
20170817  17.25 363.00
20170817  17.50 451.67
20170817  17.75 604.67
20170817  18.00 676.67
20170817  18.25 746.00
20170817  18.50 512.67
20170817  18.75 419.00
20170817  19.00 401.33
20170817  19.25 323.33
20170817  19.50 252.33
20170817  19.75 195.67
20170817  20.00 211.00
20170817  20.25 186.33
20170817  20.50 153.67
20170817  20.75  80.33
20170817  21.00  99.33
20170817  21.25  98.00
20170817  21.50 115.00
20170817  21.75 123.33
20170817  22.00 218.00
20170817  22.25 300.33
20170817  22.50 387.00
20170817  22.75 677.33
20170817  23.00 416.33
20170817  23.25 366.00
20170817  23.50 274.67
20170817  23.75 256.33
20170818   0.00 260.67
20170818   0.25 314.00
20170818   0.50 218.33
20170818   0.75 159.67
20170818   1.00 249.00
20170818   1.25 377.33
20170818   1.50 568.33
20170818   1.75 798.00
20170818   2.00 707.67
20170818   2.25 396.00
20170818   2.50 293.00
20170818   2.75 281.67
20170818   3.00 464.67
20170818   3.25 545.67
20170818   3.50 410.67
20170818   3.75 220.67
20170818   4.00 207.67
20170818   4.25 181.67
20170818   4.50 159.00
20170818   4.75 143.33
20170818   5.00  99.00
20170818   5.25 105.00
20170818   5.50  89.00
20170818   5.75  77.00
20170818   6.00 139.00
20170818   6.25 177.00
20170818   6.50 143.67
20170818   6.75 198.33
20170818   7.00 221.33
20170818   7.25 167.67
20170818   7.50 182.67
20170818   7.75 145.00
20170818   8.00 112.00
20170818   8.25 182.33
20170818   8.50 211.67
20170818   8.75 212.00
20170818   9.00 555.67
20170818   9.25 572.33
20170818   9.50 433.67
20170818   9.75 308.67
20170818  10.00 391.33
20170818  10.25 240.33
20170818  10.50 165.33
20170818  10.75 110.33
20170818  11.00 125.67
20170818  11.25 105.67
20170818  11.50  74.33
20170818  11.75 101.00
20170818  12.00 341.00
20170818  12.25 469.33
20170818  12.50 523.67
20170818  12.75 513.67
20170818  13.00 577.67
20170818  13.25 772.33
20170818  13.50 796.00
20170818  13.75 892.67
20170818  14.00 1042.33
20170818  14.25 774.00
20170818  14.50 577.00
20170818  14.75 589.00
20170818  15.00 465.00
20170818  15.25 385.00
20170818  15.50 193.00
20170818  15.75 157.33
20170818  16.00 155.33
20170818  16.25 135.67
20170818  16.50 145.67
20170818  16.75 242.00
20170818  17.00 330.00
20170818  17.25 392.33
20170818  17.50 396.67
20170818  17.75 563.00
20170818  18.00 971.00
20170818  18.25 1348.00
20170818  18.50 1253.00
20170818  18.75 788.00
20170818  19.00 787.33
20170818  19.25 808.00
20170818  19.50 751.00
20170818  19.75 590.00
20170818  20.00 410.67
20170818  20.25 254.33
20170818  20.50 239.67
20170818  20.75 225.00
20170818  21.00 399.67
20170818  21.25 328.33
20170818  21.50 161.00
20170818  21.75 322.00
20170818  22.00 325.67
20170818  22.25 233.33
20170818  22.50 228.67
20170818  22.75 191.00
20170818  23.00 241.00
20170818  23.25 327.33
20170818  23.50 268.33
20170818  23.75 249.67
20170819   0.00 254.33
20170819   0.25 288.67
20170819   0.50 466.33
20170819   0.75 777.33
20170819   1.00 909.67
20170819   1.25 983.00
20170819   1.50 927.00
20170819   1.75 823.33
20170819   2.00 628.33
20170819   2.25 569.00
20170819   2.50 400.33
20170819   2.75 479.67
20170819   3.00 378.00
20170819   3.25 284.00
20170819   3.50 224.67
20170819   3.75 126.00
20170819   4.00  90.67
20170819   4.25  80.00
20170819   4.50 146.33
20170819   4.75 401.33
20170819   5.00 400.00
20170819   5.25 342.33
20170819   5.50 410.67
20170819   5.75 676.67
20170819   6.00 845.33
20170819   6.25 997.00
20170819   6.50 822.00
20170819   6.75 597.00
20170819   7.00 397.33
20170819   7.25 413.33
20170819   7.50 528.00
20170819   7.75 804.33
20170819   8.00 989.67
20170819   8.25 850.67
20170819   8.50 955.33
20170819   8.75 928.67
20170819   9.00 787.00
20170819   9.25 493.67
20170819   9.50 362.67
20170819   9.75 259.33
20170819  10.00 146.33
20170819  10.25 138.00
20170819  10.50 141.33
20170819  10.75 225.67
20170819  11.00 348.67
20170819  11.25 466.33
20170819  11.50 503.33
20170819  11.75 584.00
20170819  12.00 778.00
20170819  12.25 820.00
20170819  12.50 508.67
20170819  12.75 440.00
20170819  13.00 364.33
20170819  13.25 340.67
20170819  13.50 299.33
20170819  13.75 267.33
20170819  14.00 268.33
20170819  14.25 188.67
20170819  14.50 158.33
20170819  14.75 174.00
20170819  15.00 298.33
20170819  15.25 413.33
20170819  15.50 423.00
20170819  15.75 564.67
20170819  16.00 1041.00
20170819  16.25 837.67
20170819  16.50 810.33
20170819  16.75 641.00
20170819  17.00 465.00
20170819  17.25 303.00
20170819  17.50 299.33
20170819  17.75 309.00
20170819  18.00 393.00
20170819  18.25 392.33
20170819  18.50 372.33
20170819  18.75 295.00
20170819  19.00 224.67
20170819  19.25 231.00
20170819  19.50 239.33
20170819  19.75 210.33
20170819  20.00 215.33
20170819  20.25 269.33
20170819  20.50 303.33
20170819  20.75 437.00
20170819  21.00 646.33
20170819  21.25 672.33
20170819  21.50 726.00
20170819  21.75 806.67
20170819  22.00 863.00
20170819  22.25 625.67
20170819  22.50 560.67
20170819  22.75 544.33
20170819  23.00 579.33
20170819  23.25 592.00
20170819  23.50 680.67
20170819  23.75 744.33
20170820   0.00 752.00
20170820   0.25 668.33
20170820   0.50 628.33
20170820   0.75 617.33
20170820   1.00 753.33
20170820   1.25 731.33
20170820   1.50 833.33
20170820   1.75 957.00
20170820   2.00 910.00
20170820   2.25 654.67
20170820   2.50 755.33
20170820   2.75 798.33
20170820   3.00 886.67
20170820   3.25 1146.00
20170820   3.50 1283.67
20170820   3.75 1118.33
20170820   4.00 933.00
20170820   4.25 680.67
20170820   4.50 554.00
20170820   4.75 533.33
20170820   5.00 525.00
20170820   5.25 623.33
20170820   5.50 336.67
20170820   5.75 312.00
20170820   6.00 303.67
20170820   6.25 327.67
20170820   6.50 372.00
20170820   6.75 363.00
20170820   7.00 327.67
20170820   7.25 331.67
20170820   7.50 599.00
20170820   7.75 496.00
20170820   8.00 385.67
20170820   8.25 402.67
20170820   8.50 648.33
20170820   8.75 631.67
20170820   9.00 703.67
20170820   9.25 580.33
20170820   9.50 385.00
20170820   9.75 355.00
20170820  10.00 416.00
20170820  10.25 466.33
20170820  10.50 334.67
20170820  10.75 302.33
20170820  11.00 269.67
20170820  11.25 159.00
20170820  11.50 137.33
20170820  11.75 120.67
20170820  12.00 111.67
20170820  12.25 221.33
20170820  12.50 188.67
20170820  12.75 201.67
20170820  13.00 124.33
20170820  13.25  91.67
20170820  13.50  62.00
20170820  13.75  65.00
20170820  14.00  72.67
20170820  14.25  66.67
20170820  14.50  98.00
20170820  14.75 163.00
20170820  15.00 348.33
20170820  15.25 266.67
20170820  15.50 295.00
20170820  15.75 370.67
20170820  16.00 345.33
20170820  16.25 325.00
20170820  16.50 307.67
20170820  16.75 327.33
20170820  17.00 566.00
20170820  17.25 543.67
20170820  17.50 661.33
20170820  17.75 579.00
20170820  18.00 433.33
20170820  18.25 467.67
20170820  18.50 472.33
20170820  18.75 381.67
20170820  19.00 343.33
20170820  19.25 290.00
20170820  19.50 227.67
20170820  19.75 332.00
20170820  20.00 345.67
20170820  20.25 231.67
20170820  20.50 303.33
20170820  20.75 300.00
20170820  21.00 284.67
20170820  21.25 310.33
20170820  21.50 355.67
20170820  21.75 372.67
20170820  22.00 532.67
20170820  22.25 340.67
20170820  22.50 301.67
20170820  22.75 370.33
20170820  23.00 388.67
20170820  23.25 427.00
20170820  23.50 318.00
20170820  23.75 264.67
20170821   0.00 189.33
20170821   0.25 178.33
20170821   0.50 213.00
20170821   0.75 299.67
20170821   1.00 276.67
20170821   1.25 283.67
20170821   1.50 341.33
20170821   1.75 257.67
20170821   2.00 205.33
20170821   2.25 292.33
20170821   2.50 418.00
20170821   2.75 423.33
20170821   3.00 374.00
20170821   3.25 293.67
20170821   3.50 243.67
20170821   3.75 226.67
20170821   4.00 232.33
20170821   4.25 350.67
20170821   4.50 363.33
20170821   4.75 362.33
20170821   5.00 274.00
20170821   5.25 335.33
20170821   5.50 261.00
20170821   5.75 227.33
20170821   6.00 226.00
20170821   6.25 308.33
20170821   6.50 259.33
20170821   6.75 172.00
20170821   7.00 183.33
20170821   7.25 221.33
20170821   7.50 190.67
20170821   7.75 165.67
20170821   8.00 267.33
20170821   8.25 416.33
20170821   8.50 649.67
20170821   8.75 809.00
20170821   9.00 680.67
20170821   9.25 472.00
20170821   9.50 404.00
20170821   9.75 356.00
20170821  10.00 236.00
20170821  10.25 187.33
20170821  10.50 119.33
20170821  10.75  78.67
20170821  11.00  58.00
20170821  11.25  70.67
20170821  11.50  59.33
20170821  11.75  51.00
20170821  12.00  64.33
20170821  12.25 115.00
20170821  12.50 138.33
20170821  12.75 130.00
20170821  13.00  70.00
20170821  13.25  44.67
20170821  13.50  49.33
20170821  13.75  59.67
20170821  14.00  42.67
20170821  14.25  33.33
20170821  14.50  31.67
20170821  14.75  33.00
20170821  15.00  35.67
20170821  15.25  37.00
20170821  15.50  39.33
20170821  15.75  39.00
20170821  16.00  43.33
20170821  16.25  56.33
20170821  16.50  74.33
20170821  16.75 100.67
20170821  17.00 124.00
20170821  17.25 128.33
20170821  17.50 178.33
20170821  17.75 439.67
20170821  18.00 352.67
20170821  18.25 212.00
20170821  18.50 316.33
20170821  18.75 206.00
20170821  19.00 135.00
20170821  19.25 110.67
20170821  19.50 111.00
20170821  19.75  88.33
20170821  20.00  69.33
20170821  20.25  69.67
20170821  20.50  69.33
20170821  20.75 142.00
20170821  21.00 261.00
20170821  21.25 300.00
20170821  21.50 391.00
20170821  21.75 412.00
20170821  22.00 321.00
20170821  22.25 302.67
20170821  22.50 198.67
20170821  22.75 141.00
20170821  23.00 111.00
20170821  23.25 162.33
20170821  23.50 317.67
20170821  23.75 221.67
20170822   0.00 241.00
20170822   0.25 423.00
20170822   0.50 688.67
20170822   0.75 831.00
20170822   1.00 791.67
20170822   1.25 553.00
20170822   1.50 521.67
20170822   1.75 575.33
20170822   2.00 636.33
20170822   2.25 624.67
20170822   2.50 1061.67
20170822   2.75 1626.00
20170822   3.00 1140.67
20170822   3.25 766.33
20170822   3.50 562.33
20170822   3.75 582.00
20170822   4.00 486.00
20170822   4.25 460.33
20170822   4.50 596.67
20170822   4.75 618.00
20170822   5.00 635.67
20170822   5.25 640.00
20170822   5.50 673.00
20170822   5.75 561.00
20170822   6.00 384.67
20170822   6.25 301.00
20170822   6.50 256.67
20170822   6.75 205.00
20170822   7.00 342.67
20170822   7.25 426.00
20170822   7.50 212.00
20170822   7.75 143.00
20170822   8.00 196.33
20170822   8.25 224.33
20170822   8.50 211.00
20170822   8.75 137.33
20170822   9.00  90.00
20170822   9.25 129.67
20170822   9.50 178.00
20170822   9.75 237.33
20170822  10.00 219.33
20170822  10.25 204.00
20170822  10.50 220.33
20170822  10.75 131.67
20170822  11.00 199.33
20170822  11.25 232.00
20170822  11.50 316.33
20170822  11.75 531.00
20170822  12.00 611.33
20170822  12.25 600.00
20170822  12.50 462.67
20170822  12.75 426.67
20170822  13.00 357.33
20170822  13.25 514.00
20170822  13.50 411.33
20170822  13.75 361.67
20170822  14.00 282.33
20170822  14.25 298.67
20170822  14.50 312.00
20170822  14.75 196.33
20170822  15.00 176.00
20170822  15.25 155.00
20170822  15.50 122.33
20170822  15.75 197.67
20170822  16.00 262.33
20170822  16.25 338.67
20170822  16.50 311.33
20170822  16.75 244.67
20170822  17.00 167.33
20170822  17.25 141.67
20170822  17.50 173.67
20170822  17.75 156.67
20170822  18.00 139.33
20170822  18.25 117.33
20170822  18.50  89.33
20170822  18.75  72.33
20170822  19.00  74.33
20170822  19.25  77.67
20170822  19.50  65.67
20170822  19.75  79.33
20170822  20.00  87.67
20170822  20.25 109.67
20170822  20.50 183.33
20170822  20.75 388.67
20170822  21.00 538.33
20170822  21.25 566.33
20170822  21.50 800.67
20170822  21.75 726.33
20170822  22.00 692.00
20170822  22.25 794.33
20170822  22.50 730.67
20170822  22.75 675.67
20170822  23.00 632.67
20170822  23.25 675.00
20170822  23.50 538.00
20170822  23.75 284.67
20170823   0.00 230.00
20170823   0.25 277.67
20170823   0.50 378.33
20170823   0.75 329.67
20170823   1.00 439.67
20170823   1.25 483.33
20170823   1.50 504.67
20170823   1.75 531.67
20170823   2.00 501.67
20170823   2.25 530.00
20170823   2.50 452.00
20170823   2.75 603.00
20170823   3.00 786.00
20170823   3.25 763.33
20170823   3.50 471.00
20170823   3.75 440.00
20170823   4.00 466.33
20170823   4.25 433.00
20170823   4.50 455.33
20170823   4.75 541.67
20170823   5.00 561.33
20170823   5.25 579.33
20170823   5.50 514.67
20170823   5.75 462.33
20170823   6.00 373.00
20170823   6.25 249.67
20170823   6.50 372.33
20170823   6.75 503.33
20170823   7.00 517.33
20170823   7.25 395.00
20170823   7.50 489.33
20170823   7.75 523.67
20170823   8.00 661.33
20170823   8.25 751.33
20170823   8.50 861.67
20170823   8.75 774.33
20170823   9.00 633.33
20170823   9.25 617.33
20170823   9.50 651.00
20170823   9.75 526.00
20170823  10.00 489.33
20170823  10.25 414.00
20170823  10.50 409.67
20170823  10.75 422.00
20170823  11.00 371.33
20170823  11.25 420.67
20170823  11.50 521.00
20170823  11.75 490.00
20170823  12.00 603.67
20170823  12.25 613.33
20170823  12.50 632.00
20170823  12.75 599.00
20170823  13.00 627.33
20170823  13.25 575.33
20170823  13.50 775.33
20170823  13.75 1062.67
20170823  14.00 1273.00
20170823  14.25 1233.33
20170823  14.50 841.67
20170823  14.75 860.33
20170823  15.00 776.00
20170823  15.25 833.00
20170823  15.50 986.33
20170823  15.75 934.00
20170823  16.00 876.67
20170823  16.25 957.00
20170823  16.50 925.33
20170823  16.75 781.67
20170823  17.00 759.33
20170823  17.25 749.00
20170823  17.50 946.67
20170823  17.75 1151.33
20170823  18.00 1127.33
20170823  18.25 997.00
20170823  18.50 832.00
20170823  18.75 614.67
20170823  19.00 489.33
20170823  19.25 314.00
20170823  19.50 164.00
20170823  19.75 138.00
20170823  20.00 173.67
20170823  20.25 146.33
20170823  20.50 118.00
20170823  20.75 117.67
20170823  21.00 141.33
20170823  21.25 245.33
20170823  21.50 329.67
20170823  21.75 358.67
20170823  22.00 386.33
20170823  22.25 384.00
20170823  22.50 471.33
20170823  22.75 535.00
20170823  23.00 453.67
20170823  23.25 422.67
20170823  23.50 387.00
20170823  23.75 347.67
20170824   0.00 382.00
20170824   0.25 390.67
20170824   0.50 364.33
20170824   0.75 349.33
20170824   1.00 295.33
20170824   1.25 257.67
20170824   1.50 262.67
20170824   1.75 239.67
20170824   2.00 437.67
20170824   2.25 564.33
20170824   2.50 410.33
20170824   2.75 384.67
20170824   3.00 339.67
20170824   3.25 372.33
20170824   3.50 448.00
20170824   3.75 413.33
20170824   4.00 414.67
20170824   4.25 491.00
20170824   4.50 528.67
20170824   4.75 492.00
20170824   5.00 463.33
20170824   5.25 614.67
20170824   5.50 605.33
20170824   5.75 625.33
20170824   6.00 501.67
20170824   6.25 492.00
20170824   6.50 492.00
20170824   6.75 369.33
20170824   7.00 412.67
20170824   7.25 501.67
20170824   7.50 505.33
20170824   7.75 433.33
20170824   8.00 309.00
20170824   8.25 506.33
20170824   8.50 596.33
20170824   8.75 658.67
20170824   9.00 422.33
20170824   9.25 422.67
20170824   9.50 339.67
20170824   9.75 296.67
20170824  10.00 280.00
20170824  10.25 244.33
20170824  10.50 294.00
20170824  10.75 321.67
20170824  11.00 292.00
20170824  11.25 377.67
20170824  11.50 444.67
20170824  11.75 625.33
20170824  12.00 600.33
20170824  12.25 591.67
20170824  12.50 605.33
20170824  12.75 693.33
20170824  13.00 426.00
20170824  13.25 397.00
20170824  13.50 346.00
20170824  13.75 274.00
20170824  14.00 204.33
20170824  14.25 216.67
20170824  14.50 247.67
20170824  14.75 283.67
20170824  15.00 369.67
20170824  15.25 296.67
20170824  15.50 169.67
20170824  15.75  72.00
20170824  16.00  54.33
20170824  16.25  57.33
20170824  16.50  46.00
20170824  16.75  55.00
20170824  17.00  56.00
20170824  17.25  50.00
20170824  17.50  46.33
20170824  17.75  52.00
20170824  18.00  58.33
20170824  18.25  60.00
20170824  18.50  59.67
20170824  18.75  46.00
20170824  19.00  38.67
20170824  19.25  25.33
20170824  19.50  28.33
20170824  19.75  20.33
20170824  20.00  22.33
20170824  20.25  20.67
20170824  20.50  23.33
20170824  20.75  31.33
20170824  21.00  33.67
20170824  21.25  31.67
20170824  21.50  42.33
20170824  21.75  45.00
20170824  22.00  44.33
20170824  22.25  42.67
20170824  22.50  49.67
20170824  22.75  43.67
20170824  23.00  54.33
20170824  23.25  56.00
20170824  23.50  61.00
20170824  23.75  72.67
20170825   0.00  60.00
20170825   0.25  58.67
20170825   0.50  71.00
20170825   0.75  84.00
20170825   1.00  64.33
20170825   1.25  62.00
20170825   1.50  66.00
20170825   1.75  66.00
20170825   2.00  64.00
20170825   2.25  61.33
20170825   2.50  68.33
20170825   2.75  71.67
20170825   3.00  69.67
20170825   3.25  66.00
20170825   3.50  66.33
20170825   3.75  64.33
20170825   4.00  55.67
20170825   4.25  55.67
20170825   4.50  60.33
20170825   4.75  65.67
20170825   5.00  71.67
20170825   5.25  70.33
20170825   5.50  62.33
20170825   5.75 119.67
20170825   6.00 132.67
20170825   6.25 117.00
20170825   6.50 204.00
20170825   6.75 189.67
20170825   7.00  96.67
20170825   7.25  74.67
20170825   7.50 164.00
20170825   7.75 160.33
20170825   8.00 104.67
20170825   8.25  64.00
20170825   8.50  78.33
20170825   8.75  74.33
20170825   9.00  56.33
20170825   9.25  68.00
20170825   9.50  58.00
20170825   9.75  58.33
20170825  10.00  66.33
20170825  10.25  85.67
20170825  10.50  68.00
20170825  10.75 198.33
20170825  11.00 238.33
20170825  11.25 199.67
20170825  11.50 201.67
20170825  11.75 211.00
20170825  12.00 406.33
20170825  12.25 477.00
20170825  12.50 348.00
20170825  12.75 242.00
20170825  13.00 175.67
20170825  13.25 180.00
20170825  13.50 186.00
20170825  13.75 156.67
20170825  14.00 132.67
20170825  14.25 118.67
20170825  14.50  87.33
20170825  14.75 102.67
20170825  15.00 121.00
20170825  15.25 107.33
20170825  15.50  99.00
20170825  15.75 118.33
20170825  16.00 123.33
20170825  16.25  88.67
20170825  16.50 129.00
20170825  16.75 210.33
20170825  17.00 200.00
20170825  17.25 198.33
20170825  17.50 172.67
20170825  17.75 160.00
20170825  18.00 127.67
20170825  18.25 119.67
20170825  18.50  72.67
20170825  18.75  38.67
20170825  19.00  38.67
20170825  19.25  34.67
20170825  19.50  41.67
20170825  19.75  41.00
20170825  20.00  37.00
20170825  20.25  50.67
20170825  20.50  55.67
20170825  20.75 122.33
20170825  21.00 216.33
20170825  21.25 251.00
20170825  21.50 303.67
20170825  21.75 323.00
20170825  22.00 204.67
20170825  22.25 161.33
20170825  22.50  88.67
20170825  22.75  48.00
20170825  23.00  95.00
20170825  23.25  81.33
20170825  23.50  42.33
20170825  23.75  29.33
20170826   0.00  35.67
20170826   0.25  38.33
20170826   0.50  33.67
20170826   0.75  44.00
20170826   1.00  38.33
20170826   1.25  39.33
20170826   1.50  34.33
20170826   1.75  33.67
20170826   2.00  33.00
20170826   2.25  32.67
20170826   2.50  31.33
20170826   2.75  31.67
20170826   3.00  29.33
20170826   3.25  35.33
20170826   3.50  51.00
20170826   3.75  57.33
20170826   4.00  71.67
20170826   4.25  61.00
20170826   4.50  57.00
20170826   4.75  80.00
20170826   5.00  76.67
20170826   5.25  82.00
20170826   5.50 104.00
20170826   5.75 101.00
20170826   6.00 144.33
20170826   6.25 227.00
20170826   6.50 189.33
20170826   6.75 192.33
20170826   7.00 205.00
20170826   7.25 167.33
20170826   7.50 117.33
20170826   7.75  81.00
20170826   8.00  60.00
20170826   8.25  52.00
20170826   8.50  61.00
20170826   8.75  65.33
20170826   9.00  62.33
20170826   9.25  57.67
20170826   9.50  63.33
20170826   9.75  51.00
20170826  10.00  51.67
20170826  10.25  55.00
20170826  10.50  60.33
20170826  10.75  54.33
20170826  11.00  51.33
20170826  11.25  50.33
20170826  11.50  50.67
20170826  11.75  49.33
20170826  12.00  51.67
20170826  12.25  52.67
20170826  12.50  52.67
20170826  12.75  63.33
20170826  13.00  72.67
20170826  13.25 112.33
20170826  13.50  86.67
20170826  13.75  89.67
20170826  14.00  96.67
20170826  14.25  81.00
20170826  14.50  53.67
20170826  14.75  69.00
20170826  15.00 150.00
20170826  15.25 290.00
20170826  15.50 194.33
20170826  15.75  91.67
20170826  16.00  60.33
20170826  16.25  40.67
20170826  16.50  36.33
20170826  16.75  59.00
20170826  17.00  51.33
20170826  17.25  31.33
20170826  17.50  61.00
20170826  17.75  72.33
20170826  18.00 101.67
20170826  18.25  56.00
20170826  18.50  48.33
20170826  18.75  58.67
20170826  19.00  51.67
20170826  19.25  72.00
20170826  19.50 151.00
20170826  19.75 119.67
20170826  20.00 183.33
20170826  20.25 180.33
20170826  20.50 152.33
20170826  20.75  75.00
20170826  21.00  63.33
20170826  21.25  61.00
20170826  21.50  42.67
20170826  21.75  51.67
20170826  22.00  89.00
20170826  22.25  52.67
20170826  22.50  53.67
20170826  22.75  66.67
20170826  23.00  48.33
20170826  23.25  39.00
20170826  23.50  34.33
20170826  23.75  35.00
20170827   0.00  37.00
20170827   0.25  36.33
20170827   0.50  41.67
20170827   0.75  45.00
20170827   1.00  43.67
20170827   1.25  71.67
20170827   1.50  97.00
20170827   1.75 119.67
20170827   2.00 255.33
20170827   2.25 243.00
20170827   2.50 128.67
20170827   2.75  64.00
20170827   3.00  46.67
20170827   3.25  33.67
20170827   3.50  29.00
20170827   3.75  29.00
20170827   4.00  29.67
20170827   4.25  30.33
20170827   4.50  29.00
20170827   4.75  26.67
20170827   5.00  26.33
20170827   5.25  29.00
20170827   5.50  32.00
20170827   5.75  33.33
20170827   6.00  28.33
20170827   6.25  36.00
20170827   6.50  35.00
20170827   6.75  40.33
20170827   7.00  37.00
20170827   7.25  36.67
20170827   7.50  42.67
20170827   7.75  39.00
20170827   8.00  39.67
20170827   8.25  36.33
20170827   8.50  33.67
20170827   8.75  35.33
20170827   9.00  74.00
20170827   9.25 100.00
20170827   9.50 132.33
20170827   9.75 153.33
20170827  10.00 231.33
20170827  10.25 290.00
20170827  10.50 403.67
20170827  10.75 467.33
20170827  11.00 391.67
20170827  11.25 241.67
20170827  11.50 142.33
20170827  11.75  69.00
20170827  12.00  75.33
20170827  12.25  91.00
20170827  12.50  50.33
20170827  12.75  47.33
20170827  13.00  49.33
20170827  13.25  43.67
20170827  13.50  44.33
20170827  13.75  45.33
20170827  14.00  37.67
20170827  14.25  41.67
20170827  14.50  40.00
20170827  14.75  95.67
20170827  15.00 135.00
20170827  15.25 140.67
20170827  15.50 150.67
20170827  15.75 250.00
20170827  16.00 496.33
20170827  16.25 592.67
20170827  16.50 556.33
20170827  16.75 589.00
20170827  17.00 526.67
20170827  17.25 430.33
20170827  17.50 442.33
20170827  17.75 454.00
20170827  18.00 482.67
20170827  18.25 407.67
20170827  18.50 557.33
20170827  18.75 704.67
20170827  19.00 628.00
20170827  19.25 698.67
20170827  19.50 736.33
20170827  19.75 751.33
20170827  20.00 709.00
20170827  20.25 668.33
20170827  20.50 761.67
20170827  20.75 661.67
20170827  21.00 803.33
20170827  21.25 708.67
20170827  21.50 632.33
20170827  21.75 534.00
20170827  22.00 504.33
20170827  22.25 472.00
20170827  22.50 486.67
20170827  22.75 447.67
20170827  23.00 410.33
20170827  23.25 245.00
20170827  23.50 154.67
20170827  23.75 160.00
20170828   0.00 124.33
20170828   0.25 119.00
20170828   0.50 124.33
20170828   0.75  98.33
20170828   1.00  64.67
20170828   1.25  61.67
20170828   1.50  70.33
20170828   1.75  59.33
20170828   2.00  55.67
20170828   2.25  83.67
20170828   2.50  59.00
20170828   2.75  58.33
20170828   3.00  52.67
20170828   3.25  53.00
20170828   3.50  63.33
20170828   3.75  67.33
20170828   4.00  94.00
20170828   4.25  89.33
20170828   4.50  70.00
20170828   4.75  78.67
20170828   5.00  91.00
20170828   5.25  74.00
20170828   5.50  64.67
20170828   5.75  76.33
20170828   6.00  73.67
20170828   6.25  64.00
20170828   6.50  79.67
20170828   6.75  85.33
20170828   7.00 101.33
20170828   7.25 136.00
20170828   7.50 135.67
20170828   7.75 136.33
20170828   8.00 182.67
20170828   8.25 156.67
20170828   8.50 149.67
20170828   8.75 166.00
20170828   9.00 150.33
20170828   9.25 165.33
20170828   9.50 157.00
20170828   9.75 135.33
20170828  10.00 200.67
20170828  10.25 257.67
20170828  10.50 265.33
20170828  10.75 317.33
20170828  11.00 322.33
20170828  11.25 302.67
20170828  11.50 269.00
20170828  11.75 254.67
20170828  12.00 249.00
20170828  12.25 212.00
20170828  12.50 187.67
20170828  12.75 153.00
20170828  13.00  94.00
20170828  13.25  66.33
20170828  13.50  48.33
20170828  13.75  42.67
20170828  14.00  50.67
20170828  14.25  45.33
20170828  14.50  57.00
20170828  14.75  67.00
20170828  15.00  63.33
20170828  15.25  70.00
20170828  15.50  93.00
20170828  15.75  76.00
20170828  16.00  86.67
20170828  16.25  89.67
20170828  16.50  98.67
20170828  16.75 105.67
20170828  17.00  76.33
20170828  17.25  80.00
20170828  17.50  90.33
20170828  17.75  70.67
20170828  18.00  43.33
20170828  18.25  41.67
20170828  18.50  34.33
20170828  18.75  55.67
20170828  19.00  64.00
20170828  19.25  64.67
20170828  19.50  44.00
20170828  19.75  52.67
20170828  20.00  36.67
20170828  20.25  38.33
20170828  20.50  39.00
20170828  20.75  42.67
20170828  21.00  39.00
20170828  21.25  37.33
20170828  21.50  65.33
20170828  21.75 123.00
20170828  22.00 189.67
20170828  22.25 203.00
20170828  22.50 172.67
20170828  22.75 127.00
20170828  23.00 108.00
20170828  23.25  92.00
20170828  23.50  96.67
20170828  23.75  69.67
20170829   0.00  52.00
20170829   0.25  33.00
20170829   0.50  40.67
20170829   0.75  31.00
20170829   1.00  44.33
20170829   1.25  63.67
20170829   1.50  39.67
20170829   1.75  34.33
20170829   2.00  33.33
20170829   2.25  34.00
20170829   2.50  38.00
20170829   2.75  51.00
20170829   3.00  56.67
20170829   3.25  56.67
20170829   3.50  55.67
20170829   3.75  37.00
20170829   4.00  34.33
20170829   4.25  41.00
20170829   4.50  56.33
20170829   4.75  70.33
20170829   5.00 107.00
20170829   5.25 162.00
20170829   5.50 312.00
20170829   5.75 219.33
20170829   6.00 175.33
20170829   6.25 247.00
20170829   6.50 227.00
20170829   6.75 115.67
20170829   7.00 101.00
20170829   7.25 172.67
20170829   7.50 195.33
20170829   7.75 180.33
20170829   8.00 130.33
20170829   8.25  75.00
20170829   8.50  60.33
20170829   8.75  57.67
20170829   9.00  69.67
20170829   9.25  87.33
20170829   9.50  80.67
20170829   9.75  66.33
20170829  10.00  56.67
20170829  10.25  54.67
20170829  10.50  56.33
20170829  10.75  54.00
20170829  11.00  49.33
20170829  11.25  44.33
20170829  11.50  42.67
20170829  11.75  56.67
20170829  12.00  59.33
20170829  12.25  53.67
20170829  12.50  86.00
20170829  12.75 144.33
20170829  13.00 214.00
20170829  13.25 185.67
20170829  13.50 132.67
20170829  13.75  85.67
20170829  14.00  75.67
20170829  14.25  76.33
20170829  14.50  91.00
20170829  14.75  56.67
20170829  15.00  38.67
20170829  15.25  41.33
20170829  15.50  47.00
20170829  15.75  40.67
20170829  16.00  38.67
20170829  16.25  41.00
20170829  16.50  43.67
20170829  16.75  61.00
20170829  17.00 142.33
20170829  17.25 186.00
20170829  17.50 203.67
20170829  17.75 259.00
20170829  18.00 294.00
20170829  18.25 245.67
20170829  18.50 223.00
20170829  18.75 248.00
20170829  19.00 263.67
20170829  19.25 337.00
20170829  19.50 363.33
20170829  19.75 323.67
20170829  20.00 422.00
20170829  20.25 480.67
20170829  20.50 404.67
20170829  20.75 326.67
20170829  21.00 236.00
20170829  21.25 237.67
20170829  21.50 187.33
20170829  21.75 136.00
20170829  22.00 120.33
20170829  22.25 121.67
20170829  22.50 138.67
20170829  22.75 228.00
20170829  23.00 183.00
20170829  23.25 108.00
20170829  23.50  59.67
20170829  23.75  51.00
20170830   0.00  45.33
20170830   0.25  41.00
20170830   0.50  30.33
20170830   0.75  40.67
20170830   1.00  54.33
20170830   1.25  71.33
20170830   1.50  66.00
20170830   1.75  74.33
20170830   2.00 197.00
20170830   2.25 290.67
20170830   2.50 310.67
20170830   2.75 248.33
20170830   3.00 215.33
20170830   3.25 218.33
20170830   3.50 218.67
20170830   3.75 162.33
20170830   4.00  93.33
20170830   4.25  66.00
20170830   4.50  52.33
20170830   4.75  63.33
20170830   5.00  79.00
20170830   5.25  69.00
20170830   5.50  70.33
20170830   5.75  67.67
20170830   6.00  74.00
20170830   6.25  73.67
20170830   6.50  72.67
20170830   6.75  73.67
20170830   7.00  61.00
20170830   7.25  66.00
20170830   7.50  68.67
20170830   7.75 195.33
20170830   8.00 267.33
20170830   8.25 199.67
20170830   8.50 135.33
20170830   8.75 101.33
20170830   9.00  74.67
20170830   9.25  63.33
20170830   9.50  68.00
20170830   9.75  74.67
20170830  10.00  58.33
20170830  10.25  52.00
20170830  10.50  58.33
20170830  10.75  63.33
20170830  11.00  79.00
20170830  11.25  95.33
20170830  11.50 101.00
20170830  11.75 107.33
20170830  12.00  79.67
20170830  12.25  59.00
20170830  12.50  47.33
20170830  12.75  49.67
20170830  13.00  43.67
20170830  13.25  37.00
20170830  13.50  53.33
20170830  13.75  34.00
20170830  14.00  32.00
20170830  14.25  64.33
20170830  14.50  47.00
20170830  14.75  32.67
20170830  15.00  27.67
20170830  15.25  29.00
20170830  15.50  28.33
20170830  15.75  30.00
20170830  16.00  37.67
20170830  16.25  48.33
20170830  16.50  71.67
20170830  16.75  95.33
20170830  17.00 112.33
20170830  17.25 105.00
20170830  17.50 104.67
20170830  17.75  91.00
20170830  18.00  86.33
20170830  18.25  70.33
20170830  18.50  44.33
20170830  18.75  55.00
20170830  19.00  87.33
20170830  19.25  65.33
20170830  19.50  45.33
20170830  19.75  73.33
20170830  20.00  56.00
20170830  20.25  36.33
20170830  20.50  40.67
20170830  20.75  42.67
20170830  21.00  44.00
20170830  21.25  45.00
20170830  21.50  41.67
20170830  21.75  38.67
20170830  22.00  38.00
20170830  22.25  36.67
20170830  22.50  37.00
20170830  22.75  38.67
20170830  23.00  38.00
20170830  23.25  39.33
20170830  23.50  32.00
20170830  23.75  33.00
20170831   0.00  31.33
20170831   0.25  33.00
20170831   0.50  33.33
20170831   0.75  34.33
20170831   1.00  36.33
20170831   1.25  40.67
20170831   1.50  36.67
20170831   1.75  46.33
20170831   2.00  52.67
20170831   2.25  41.00
20170831   2.50  40.67
20170831   2.75  37.00
20170831   3.00  43.67
20170831   3.25  45.67
20170831   3.50  82.67
20170831   3.75  50.00
20170831   4.00  66.33
20170831   4.25  67.67
20170831   4.50  84.00
20170831   4.75  88.33
20170831   5.00  85.67
20170831   5.25 124.33
20170831   5.50 192.33
20170831   5.75 319.00
20170831   6.00 178.00
20170831   6.25 127.33
20170831   6.50 181.00
20170831   6.75 289.00
20170831   7.00 202.00
20170831   7.25 168.67
20170831   7.50 216.00
20170831   7.75 254.67
20170831   8.00 330.33
20170831   8.25 357.00
20170831   8.50 335.33
20170831   8.75 504.33
20170831   9.00 561.33
20170831   9.25 659.67
20170831   9.50 718.33
20170831   9.75 699.33
20170831  10.00 645.00
20170831  10.25 529.00
20170831  10.50 541.00
20170831  10.75 592.67
20170831  11.00 487.33
20170831  11.25 692.00
20170831  11.50 638.67
20170831  11.75 564.67
20170831  12.00 651.00
20170831  12.25 636.33
20170831  12.50 861.00
20170831  12.75 1003.67
20170831  13.00 1142.67
20170831  13.25 1004.00
20170831  13.50 980.00
20170831  13.75 998.67
20170831  14.00 1072.00
20170831  14.25 1024.00
20170831  14.50 736.67
20170831  14.75 393.67
20170831  15.00 331.33
20170831  15.25 286.67
20170831  15.50 532.67
20170831  15.75 605.33
20170831  16.00 515.67
20170831  16.25 359.67
20170831  16.50 213.67
20170831  16.75 178.33
20170831  17.00 422.33
20170831  17.25 273.33
20170831  17.50 204.33
20170831  17.75 124.00
20170831  18.00 305.33
20170831  18.25 397.67
20170831  18.50 362.00
20170831  18.75 392.67
20170831  19.00 529.00
20170831  19.25 614.67
20170831  19.50 590.67
20170831  19.75 422.67
20170831  20.00 281.67
20170831  20.25 212.33
20170831  20.50 239.33
20170831  20.75 302.00
20170831  21.00 583.00
20170831  21.25 535.00
20170831  21.50 358.67
20170831  21.75 306.00
20170831  22.00 381.00
20170831  22.25 417.67
20170831  22.50 378.33
20170831  22.75 323.67
20170831  23.00 292.00
20170831  23.25 314.67
20170831  23.50 249.00
20170831  23.75 323.00
