 20170816    0.000    -11.935     -0.143    -12.077     -0.143      0.000     74.670
 20170816    0.250    -12.150      0.193    -11.957      0.193      0.000     68.000
 20170816    0.500    -12.205      0.223    -11.981      0.223      0.000     63.670
 20170816    0.750    -12.121      0.060    -12.061      0.060      0.000     60.670
 20170816    1.000    -11.928      0.099    -11.830      0.099      0.000     46.330
 20170816    1.250    -11.655      0.053    -11.601      0.053      0.000     51.330
 20170816    1.500    -11.329      0.021    -11.308      0.021      0.000     56.670
 20170816    1.750    -10.979     -0.012    -10.991     -0.012      0.000     60.000
 20170816    2.000    -10.635     -0.009    -10.644     -0.009      0.000     66.000
 20170816    2.250    -10.325     -0.000    -10.325     -0.000      0.000     59.000
 20170816    2.500    -10.078     -0.002    -10.080     -0.002      0.000     71.330
 20170816    2.750     -9.922      0.000     -9.922      0.000      0.000     61.670
 20170816    3.000     -9.887      0.000     -9.887      0.000      0.000     46.000
 20170816    3.250    -10.000      0.000    -10.000      0.000      0.000     42.330
 20170816    3.500    -10.269     -0.000    -10.269     -0.000      0.000     41.670
 20170816    3.750    -10.651     -0.001    -10.652     -0.001      0.000     38.330
 20170816    4.000    -11.097     -0.003    -11.100     -0.003      0.000     33.330
 20170816    4.250    -11.557     -0.011    -11.568     -0.011      0.000     33.330
 20170816    4.500    -11.983     -0.017    -12.000     -0.017      0.000     31.000
 20170816    4.750    -12.325     -0.016    -12.341     -0.016      0.000     29.000
 20170816    5.000    -12.534      0.000    -12.534      0.000      0.000     42.670
 20170816    5.250    -12.561     -0.027    -12.588     -0.027      0.000     39.330
 20170816    5.500    -12.356      0.024    -12.333      0.024      0.000     58.000
 20170816    5.750    -11.871      0.145    -11.726      0.145      0.000     81.000
 20170816    6.000    -14.422      0.345    -14.077      0.345      0.000    132.670
 20170816    6.250    -14.220      1.283    -12.937      1.283      0.000    281.330
 20170816    6.500    -13.799      0.817    -12.982      0.817      0.000    257.670
 20170816    6.750    -13.152      1.001    -12.151      1.001      0.000    205.000
 20170816    7.000    -12.272      4.216     -8.056      4.216      0.000    271.330
 20170816    7.250    -11.152      3.023     -8.129      3.014      0.009    231.000
 20170816    7.500     -9.785      3.044     -6.741      3.026      0.018    270.670
 20170816    7.750     -8.164      2.561     -5.604      2.539      0.022    249.670
 20170816    8.000     -8.366     -1.281     -9.647     -1.309      0.028    231.670
 20170816    8.250     -7.078     -0.804     -7.882     -0.831      0.028    162.000
 20170816    8.500     -5.735      0.986     -4.749      0.960      0.026    162.330
 20170816    8.750     -2.784     -0.945     -3.729     -0.964      0.019    147.330
 20170816    9.000      0.278     -1.764     -1.486     -1.774      0.010    117.670
 20170816    9.250      3.245     -2.402      0.843     -2.402      0.000     84.000
 20170816    9.500      7.610     -1.512      6.099     -1.503     -0.008     96.670
 20170816    9.750     10.938     -1.858      9.080     -1.844     -0.014    108.670
 20170816   10.000     13.841     -1.693     12.148     -1.676     -0.017     93.670
 20170816   10.250     16.206     -0.893     15.314     -0.875     -0.018    118.330
 20170816   10.500     18.314     -0.170     18.143     -0.155     -0.015    189.670
 20170816   10.750     19.658     -0.921     18.737     -0.911     -0.010    223.000
 20170816   11.000     20.463     -0.530     19.934     -0.527     -0.003    192.670
 20170816   11.250     20.791      1.214     22.004      1.206      0.008    185.330
 20170816   11.500     20.702      1.737     22.438      1.715      0.022    167.000
 20170816   11.750     20.258      1.450     21.708      1.408      0.042    192.670
 20170816   12.000     19.522      0.681     20.204      0.615      0.066    185.000
 20170816   12.250     18.555     -0.263     18.292     -0.359      0.096    170.670
 20170816   12.500     17.419      0.092     17.510     -0.023      0.115    173.670
 20170816   12.750     16.174      0.260     16.434      0.123      0.137    155.330
 20170816   13.000     14.884      0.531     15.415      0.367      0.163     91.670
 20170816   13.250     14.161      1.162     15.323      0.986      0.176     61.330
 20170816   13.500     13.106      1.116     14.221      0.925      0.191     52.330
 20170816   13.750     12.134      0.663     12.797      0.473      0.190     43.670
 20170816   14.000     11.241      0.520     11.761      0.340      0.180     45.670
 20170816   14.250     10.419      0.442     10.861      0.273      0.169     62.000
 20170816   14.500      9.664      0.457     10.122      0.286      0.172     65.330
 20170816   14.750      8.970      0.166      9.136     -0.005      0.172     73.330
 20170816   15.000      8.330      0.028      8.357     -0.146      0.173     78.330
 20170816   15.250      7.738     -0.162      7.576     -0.340      0.178     91.670
 20170816   15.500      7.189     -0.328      6.862     -0.507      0.180    107.330
 20170816   15.750      6.677     -0.326      6.351     -0.505      0.179    119.670
 20170816   16.000      6.196     -0.222      5.974     -0.397      0.175    128.670
 20170816   16.250      5.740      0.307      6.047      0.139      0.168    101.670
 20170816   16.500      5.303     -0.424      4.879     -0.583      0.159    121.000
 20170816   16.750      4.879     -0.547      4.332     -0.677      0.130    144.670
 20170816   17.000      4.463      0.251      4.714      0.158      0.094    136.330
 20170816   17.250      5.083     -0.381      4.702     -0.448      0.067    157.670
 20170816   17.500      4.867     -1.306      3.561     -1.350      0.045    219.330
 20170816   17.750      4.663      0.188      4.851      0.158      0.030    212.000
 20170816   18.000      4.466     -0.381      4.085     -0.394      0.013    219.000
 20170816   18.250      4.270      0.266      4.536      0.264      0.002    199.000
 20170816   18.500      4.069      0.791      4.860      0.801     -0.010    167.670
 20170816   18.750      3.855     -0.649      3.206     -0.621     -0.029    195.330
 20170816   19.000      3.624     -2.246      1.379     -2.188     -0.058    256.330
 20170816   19.250      3.370     -1.743      1.627     -1.646     -0.097    263.670
 20170816   19.500      3.085     -2.752      0.333     -2.617     -0.135    293.330
 20170816   19.750      2.765     -2.315      0.450     -2.127     -0.188    316.330
 20170816   20.000      2.402     -3.529     -1.127     -3.254     -0.275    345.670
 20170816   20.250      1.991     -2.223     -0.232     -1.848     -0.376    332.000
 20170816   20.500     -2.294      2.401      0.107      2.902     -0.501    245.330
 20170816   20.750     -3.619      6.855      3.236      7.499     -0.644    163.000
 20170816   21.000     -4.580      5.652      1.072      6.455     -0.804    165.000
 20170816   21.250     -6.465      3.766     -2.699      4.711     -0.945    145.670
 20170816   21.500     -7.495      1.476     -6.019      2.452     -0.976    132.330
 20170816   21.750     -8.006      0.820     -7.187      1.768     -0.948    150.000
 20170816   22.000     -9.067     -1.163    -10.230     -0.254     -0.909    179.670
 20170816   22.250     -9.466     -3.681    -13.147     -2.825     -0.855    222.670
 20170816   22.500     -9.601     -1.881    -11.482     -1.102     -0.779    186.670
 20170816   22.750     -9.445      0.181     -9.264      0.894     -0.714    151.000
 20170816   23.000    -10.363      0.871     -9.492      1.524     -0.653    155.000
 20170816   23.250    -10.745     -1.515    -12.261     -0.922     -0.593    213.000
 20170816   23.500    -11.151     -5.200    -16.351     -4.684     -0.517    372.000
 20170816   23.750    -11.508     -2.661    -14.169     -2.242     -0.419    295.000
 20170817    0.000    -11.870     -2.989    -14.859     -2.656     -0.334    404.670
 20170817    0.250    -12.094     -2.671    -14.765     -2.409     -0.263    560.330
 20170817    0.500    -12.157     -2.374    -14.531     -2.160     -0.214    536.330
 20170817    0.750    -12.079     -0.010    -12.089      0.155     -0.165    347.000
 20170817    1.000    -11.889      1.021    -10.868      1.146     -0.124    249.330
 20170817    1.250    -11.617      0.909    -10.708      0.999     -0.090    188.330
 20170817    1.500    -11.291      0.367    -10.924      0.429     -0.062    131.330
 20170817    1.750    -10.941      0.196    -10.745      0.232     -0.036     93.330
 20170817    2.000    -10.595      0.118    -10.478      0.135     -0.018     62.000
 20170817    2.250    -10.283      0.038    -10.245      0.045     -0.008     69.670
 20170817    2.500    -10.033      0.007    -10.026      0.010     -0.003     67.000
 20170817    2.750     -9.875      0.000     -9.875      0.001     -0.001     64.330
 20170817    3.000     -9.837      0.000     -9.837      0.000     -0.000     68.330
 20170817    3.250     -9.949     -0.000     -9.949     -0.000      0.000    112.330
 20170817    3.500    -10.217      0.000    -10.217      0.000      0.000    143.670
 20170817    3.750    -10.599      0.002    -10.597      0.001      0.001    139.000
 20170817    4.000    -11.045      0.003    -11.042      0.000      0.003     74.330
 20170817    4.250    -11.506      0.030    -11.476      0.024      0.006     86.000
 20170817    4.500    -11.934      0.103    -11.830      0.093      0.010    194.000
 20170817    4.750    -12.278      0.068    -12.209      0.053      0.015    216.330
 20170817    5.000    -12.489      0.071    -12.419      0.050      0.020    254.000
 20170817    5.250    -12.519     -0.016    -12.535     -0.041      0.025    146.330
 20170817    5.500    -12.318      0.204    -12.114      0.170      0.034    125.330
 20170817    5.750    -11.837      0.820    -11.017      0.786      0.034    134.670
 20170817    6.000    -14.386      0.133    -14.254      0.088      0.044     74.330
 20170817    6.250    -14.188     -0.748    -14.936     -0.797      0.049     54.000
 20170817    6.500    -13.770     -1.008    -14.778     -1.052      0.044     53.670
 20170817    6.750    -13.127     -2.372    -15.498     -2.406      0.034     51.670
 20170817    7.000    -12.250     -0.402    -12.652     -0.430      0.027    140.000
 20170817    7.250    -11.133     -0.458    -11.591     -0.481      0.023    178.670
 20170817    7.500     -9.769     -0.117     -9.887     -0.137      0.020    254.330
 20170817    7.750     -8.152      4.773     -3.379      4.753      0.019    461.330
 20170817    8.000     -8.355     10.641      2.287     10.623      0.018    943.000
 20170817    8.250     -7.070      8.365      1.295      8.347      0.017   1154.000
 20170817    8.500     -5.729      0.853     -4.876      0.836      0.017    624.000
 20170817    8.750     -2.781     14.266     11.486     14.248      0.019    416.670
 20170817    9.000      0.279     22.750     23.029     22.732      0.017    494.330
 20170817    9.250      3.245     12.169     15.413     11.479      0.689    787.000
 20170817    9.500      7.609     -2.382      5.228     -3.452      1.070    711.330
 20170817    9.750     10.938    -10.294      0.644    -11.521      1.227    516.670
 20170817   10.000     13.842     -3.503     10.339     -4.916      1.412    503.000
 20170817   10.250     16.209      4.117     20.326      2.709      1.407    479.670
 20170817   10.500     18.318      2.949     21.268      1.683      1.266    452.330
 20170817   10.750     19.665      1.765     21.430      0.599      1.166    462.670
 20170817   11.000     20.471     -2.640     17.830     -3.742      1.101    571.330
 20170817   11.250     20.799     -3.473     17.326     -4.531      1.057    572.000
 20170817   11.500     20.710     -0.187     20.523     -1.232      1.045    714.670
 20170817   11.750     20.267      1.080     21.347      0.071      1.009   1067.330
 20170817   12.000     19.530     -2.378     17.153     -3.448      1.071   1464.330
 20170817   12.250     18.563     -3.151     15.412     -4.253      1.102    918.000
 20170817   12.500     17.426      7.424     24.849      6.275      1.149    751.670
 20170817   12.750     16.181     13.818     29.999     12.506      1.312    649.000
 20170817   13.000     14.891      6.309     21.200      4.645      1.664    531.000
 20170817   13.250     14.162      4.719     18.881      2.687      2.032    452.670
 20170817   13.500     13.105      3.149     16.254      0.729      2.420    551.670
 20170817   13.750     12.131      0.918     13.049     -1.891      2.809    806.670
 20170817   14.000     11.236      0.264     11.499     -2.859      3.122    851.670
 20170817   14.250     10.413      1.965     12.378     -1.307      3.272    776.330
 20170817   14.500      9.655      3.354     13.010     -0.000      3.355    738.000
 20170817   14.750      8.959      5.303     14.262      1.636      3.668    530.670
 20170817   15.000      8.317      5.478     13.795      1.370      4.109    403.000
 20170817   15.250      7.723      5.563     13.286      1.129      4.434    377.670
 20170817   15.500      7.173      8.114     15.286      3.696      4.418    299.330
 20170817   15.750      6.659      7.172     13.832      2.956      4.217    330.330
 20170817   16.000      6.177      7.675     13.852      3.723      3.952    264.670
 20170817   16.250      5.720      6.995     12.714      3.396      3.599    225.000
 20170817   16.500      5.282      5.220     10.502      2.080      3.141    169.670
 20170817   16.750      4.858      3.258      8.115      0.594      2.663    173.330
 20170817   17.000      4.441      1.960      6.402     -0.202      2.162    220.000
 20170817   17.250      5.041     -0.500      4.541     -2.165      1.665    363.000
 20170817   17.500      4.822      0.159      4.981     -1.069      1.229    451.670
 20170817   17.750      4.615     -2.314      2.302     -3.214      0.900    604.670
 20170817   18.000      4.416     -1.681      2.735     -2.425      0.745    676.670
 20170817   18.250      4.217     -2.450      1.767     -3.341      0.891    746.000
 20170817   18.500      4.014      6.118     10.131      4.679      1.439    512.670
 20170817   18.750      3.800      5.662      9.462      3.208      2.454    419.000
 20170817   19.000      3.568      7.870     11.438      3.776      4.094    401.330
 20170817   19.250      3.315     10.502     13.817      4.653      5.849    323.330
 20170817   19.500      3.032     13.504     16.536      5.720      7.784    252.330
 20170817   19.750      2.715     17.420     20.135      7.608      9.812    195.670
 20170817   20.000      2.357     17.031     19.388      5.364     11.667    211.000
 20170817   20.250      1.953     16.829     18.782      4.065     12.764    186.330
 20170817   20.500     -2.455     16.758     14.303      3.333     13.425    153.670
 20170817   20.750     -3.798     22.233     18.435      7.191     15.042     80.330
 20170817   21.000     -4.767     21.121     16.354      4.397     16.725     99.330
 20170817   21.250     -6.672     20.830     14.158      3.068     17.762     98.000
 20170817   21.500     -7.698     17.051      9.352     -0.767     17.817    115.000
 20170817   21.750     -8.196     16.958      8.762     -0.275     17.233    123.330
 20170817   22.000     -9.217     11.894      2.676     -4.572     16.466    218.000
 20170817   22.250     -9.567      8.421     -1.146     -6.962     15.383    300.330
 20170817   22.500     -9.647      4.428     -5.219     -9.576     14.004    387.000
 20170817   22.750     -9.438     -3.021    -12.459    -15.572     12.551    677.330
 20170817   23.000    -10.316      7.174     -3.142     -3.726     10.900    416.330
 20170817   23.250    -10.677      8.595     -2.081     -0.502      9.097    366.000
 20170817   23.500    -11.075     13.853      2.778      6.481      7.372    274.670
 20170817   23.750    -11.435      7.837     -3.599      2.174      5.662    256.330
 20170818    0.000    -12.194      5.405     -6.790      1.286      4.119    260.670
 20170818    0.250    -12.371      2.516     -9.855     -0.250      2.766    314.000
 20170818    0.500    -12.396      2.385    -10.011      0.909      1.477    218.330
 20170818    0.750    -12.292      1.670    -10.622      0.789      0.881    159.670
 20170818    1.000    -12.086      0.862    -11.224      0.308      0.554    249.000
 20170818    1.250    -11.805     -0.113    -11.918     -0.480      0.367    377.330
 20170818    1.500    -11.478     -0.602    -12.080     -0.820      0.218    568.330
 20170818    1.750    -11.132     -0.590    -11.722     -0.707      0.117    798.000
 20170818    2.000    -10.794     -0.176    -10.971     -0.242      0.066    707.670
 20170818    2.250    -10.493      0.082    -10.412      0.046      0.035    396.000
 20170818    2.500    -10.256      0.076    -10.180      0.058      0.018    293.000
 20170818    2.750    -10.110      0.019    -10.091      0.013      0.006    281.670
 20170818    3.000    -10.084      0.000    -10.084     -0.000      0.000    464.670
 20170818    3.250    -10.204     -0.000    -10.204     -0.000      0.000    545.670
 20170818    3.500    -10.477     -0.003    -10.481     -0.004      0.001    410.670
 20170818    3.750    -10.861     -0.011    -10.872     -0.020      0.008    220.670
 20170818    4.000    -11.305      0.035    -11.270      0.011      0.024    207.670
 20170818    4.250    -11.762      0.072    -11.689      0.019      0.053    181.670
 20170818    4.500    -12.181      0.042    -12.139     -0.056      0.099    159.000
 20170818    4.750    -12.515     -0.144    -12.659     -0.309      0.165    143.330
 20170818    5.000    -12.713     -0.445    -13.158     -0.702      0.258     99.000
 20170818    5.250    -12.728     -0.281    -13.009     -0.666      0.385    105.000
 20170818    5.500    -12.510      0.192    -12.317     -0.352      0.544     89.000
 20170818    5.750    -12.009      0.187    -11.823     -0.590      0.777     77.000
 20170818    6.000    -14.562      0.742    -13.820     -0.242      0.984    139.000
 20170818    6.250    -14.348      0.913    -13.435     -0.266      1.179    177.000
 20170818    6.500    -13.915      0.569    -13.346     -0.742      1.311    143.670
 20170818    6.750    -13.255      2.536    -10.719      1.052      1.484    198.330
 20170818    7.000    -12.362      3.094     -9.268      1.424      1.670    221.330
 20170818    7.250    -11.229      2.373     -8.856      0.519      1.854    167.670
 20170818    7.500     -9.849      4.344     -5.504      2.450      1.894    182.670
 20170818    7.750     -8.215      2.658     -5.557      1.025      1.633    145.000
 20170818    8.000     -8.410      0.413     -7.998     -0.752      1.164    112.000
 20170818    8.250     -7.113      2.504     -4.608      1.837      0.668    182.330
 20170818    8.500     -5.760     -0.225     -5.985     -0.702      0.477    211.670
 20170818    8.750     -2.799     -2.087     -4.886     -2.410      0.323    212.000
 20170818    9.000      0.273      4.992      5.266      4.914      0.078    555.670
 20170818    9.250      3.249     -0.381      2.868     -0.455      0.074    572.330
 20170818    9.500      7.615     -1.942      5.673     -2.027      0.085    433.670
 20170818    9.750     10.941      7.562     18.502      7.448      0.114    308.670
 20170818   10.000     13.837      9.468     23.305      9.332      0.136    391.330
 20170818   10.250     16.195      2.872     19.067      2.732      0.141    240.330
 20170818   10.500     18.294      1.871     20.166      1.501      0.371    165.330
 20170818   10.750     19.633     -0.489     19.144     -1.096      0.607    110.330
 20170818   11.000     20.434     -2.753     17.681     -3.658      0.905    125.670
 20170818   11.250     20.759     -2.361     18.397     -3.382      1.021    105.670
 20170818   11.500     20.668     -1.505     19.163     -2.539      1.034     74.330
 20170818   11.750     20.225     -1.509     18.716     -2.533      1.025    101.000
 20170818   12.000     19.489     -0.193     19.296     -1.233      1.040    341.000
 20170818   12.250     18.524     -2.430     16.094     -3.413      0.984    469.330
 20170818   12.500     17.389     -2.798     14.592     -3.686      0.888    523.670
 20170818   12.750     16.148      0.416     16.563     -0.448      0.863    513.670
 20170818   13.000     14.860      1.847     16.707      0.874      0.974    577.670
 20170818   13.250     14.157      0.790     14.947     -0.371      1.161    772.330
 20170818   13.500     13.109     -0.764     12.345     -2.166      1.402    796.000
 20170818   13.750     12.145     -1.325     10.820     -2.916      1.590    892.670
 20170818   14.000     11.260     -1.236     10.024     -2.986      1.750   1042.330
 20170818   14.250     10.447      1.432     11.878     -0.376      1.807    774.000
 20170818   14.500      9.700      3.491     13.191      1.523      1.969    577.000
 20170818   14.750      9.013      3.217     12.230      1.038      2.179    589.000
 20170818   15.000      8.381      5.272     13.653      2.835      2.437    465.000
 20170818   15.250      7.797      5.612     13.409      3.159      2.453    385.000
 20170818   15.500      7.255      8.081     15.336      5.712      2.369    193.000
 20170818   15.750      6.749      7.743     14.492      5.402      2.342    157.330
 20170818   16.000      6.273      5.447     11.720      3.123      2.324    155.330
 20170818   16.250      5.821      4.933     10.753      2.744      2.189    135.670
 20170818   16.500      5.386      4.307      9.694      2.326      1.981    145.670
 20170818   16.750      4.964      1.700      6.664     -0.051      1.751    242.000
 20170818   17.000      4.547      1.185      5.732     -0.311      1.496    330.000
 20170818   17.250      5.250      0.476      5.726     -0.759      1.235    392.330
 20170818   17.500      5.046      0.751      5.797     -0.233      0.984    396.670
 20170818   17.750      4.855     -3.479      1.376     -4.237      0.758    563.000
 20170818   18.000      4.669    -10.238     -5.568    -10.784      0.547    971.000
 20170818   18.250      4.482    -12.205     -7.722    -12.538      0.333   1348.000
 20170818   18.500      4.288     -2.879      1.409     -3.014      0.135   1253.000
 20170818   18.750      4.078     10.065     14.144     10.106     -0.040    788.000
 20170818   19.000      3.848      4.274      8.122      4.474     -0.200    787.330
 20170818   19.250      3.589      3.920      7.509      4.283     -0.363    808.000
 20170818   19.500      3.297      0.587      3.884      0.920     -0.333    751.000
 20170818   19.750      2.963      8.665     11.627      8.717     -0.052    590.000
 20170818   20.000      2.581     18.048     20.629     17.517      0.531    410.670
 20170818   20.250      2.144     23.435     25.579     21.805      1.630    254.330
 20170818   20.500     -1.651     17.164     15.513     14.399      2.765    239.670
 20170818   20.750     -2.901     14.111     11.211     10.013      4.099    225.000
 20170818   21.000     -3.829      2.123     -1.706     -3.729      5.852    399.670
 20170818   21.250     -5.637      6.857      1.220      0.329      6.529    328.330
 20170818   21.500     -6.679     12.903      6.224      6.259      6.644    161.000
 20170818   21.750     -7.247      9.275      2.027      2.514      6.761    322.000
 20170818   22.000     -8.467      6.219     -2.248     -0.391      6.610    325.670
 20170818   22.250     -9.063      4.196     -4.867     -1.930      6.126    233.330
 20170818   22.500     -9.419      8.274     -1.146      2.689      5.585    228.670
 20170818   22.750     -9.471      9.645      0.174      4.670      4.974    191.000
 20170818   23.000    -10.551      4.554     -5.997      0.139      4.415    241.000
 20170818   23.250    -11.021      1.122     -9.899     -2.756      3.877    327.330
 20170818   23.500    -11.455      2.265     -9.190     -1.087      3.352    268.330
 20170818   23.750    -11.798      3.003     -8.795      0.102      2.901    249.670
 20170819    0.000    -13.192      3.293     -9.899      0.782      2.511    254.330
 20170819    0.250    -13.236      1.789    -11.447     -0.303      2.092    288.670
 20170819    0.500    -13.158     -0.209    -13.367     -1.917      1.708    466.330
 20170819    0.750    -12.981     -1.923    -14.904     -3.298      1.375    777.330
 20170819    1.000    -12.729     -1.636    -14.365     -2.749      1.114    909.670
 20170819    1.250    -12.425     -0.808    -13.233     -1.704      0.896    983.000
 20170819    1.500    -12.092      0.167    -11.925     -0.477      0.644    927.000
 20170819    1.750    -11.755      0.378    -11.377     -0.020      0.399    823.330
 20170819    2.000    -11.436      0.399    -11.037      0.180      0.219    628.330
 20170819    2.250    -11.160      0.204    -10.956      0.102      0.102    569.000
 20170819    2.500    -10.949      0.100    -10.849      0.060      0.039    400.330
 20170819    2.750    -10.828      0.017    -10.810      0.007      0.010    479.670
 20170819    3.000    -10.819      0.002    -10.817      0.001      0.001    378.000
 20170819    3.250    -10.947     -0.000    -10.947     -0.000      0.000    284.000
 20170819    3.500    -11.214     -0.001    -11.215     -0.003      0.002    224.670
 20170819    3.750    -11.579     -0.003    -11.581     -0.018      0.015    126.000
 20170819    4.000    -11.995     -0.005    -12.000     -0.052      0.047     90.670
 20170819    4.250    -12.414      0.036    -12.378     -0.073      0.109     80.000
 20170819    4.500    -12.789      0.002    -12.787     -0.206      0.208    146.330
 20170819    4.750    -13.072      0.260    -12.812     -0.098      0.358    401.330
 20170819    5.000    -13.217      0.328    -12.889     -0.238      0.565    400.000
 20170819    5.250    -13.175      0.654    -12.521     -0.172      0.826    342.330
 20170819    5.500    -12.899      2.277    -10.622      1.133      1.144    410.670
 20170819    5.750    -12.342      4.028     -8.314      2.501      1.527    676.670
 20170819    6.000    -14.865      4.939     -9.926      2.985      1.955    845.330
 20170819    6.250    -14.608      6.295     -8.313      3.948      2.346    997.000
 20170819    6.500    -14.135      4.857     -9.278      2.280      2.577    822.000
 20170819    6.750    -13.439      6.294     -7.146      3.575      2.719    597.000
 20170819    7.000    -12.514      9.509     -3.005      6.570      2.939    397.330
 20170819    7.250    -11.353      9.085     -2.267      6.019      3.067    413.330
 20170819    7.500     -9.946      2.647     -7.299     -0.508      3.155    528.000
 20170819    7.750     -8.289     -1.361     -9.650     -4.740      3.378    804.330
 20170819    8.000     -8.555     -5.046    -13.601     -8.783      3.737    989.670
 20170819    8.250     -7.272     -3.683    -10.955     -7.937      4.254    850.670
 20170819    8.500     -5.928     10.821      4.892      6.009      4.812    955.330
 20170819    8.750     -3.007     17.337     14.329     12.085      5.251    928.670
 20170819    9.000      0.043     12.258     12.300      6.786      5.472    787.000
 20170819    9.250      3.005     10.713     13.718      5.278      5.435    493.670
 20170819    9.500      7.398      8.093     15.491      2.823      5.270    362.670
 20170819    9.750     10.772      2.749     13.522     -2.502      5.251    259.330
 20170819   10.000     13.736     -0.933     12.803     -5.936      5.003    146.330
 20170819   10.250     16.167     -3.924     12.243     -8.606      4.681    138.000
 20170819   10.500     18.316     -5.497     12.820     -9.889      4.392    141.330
 20170819   10.750     19.692     -5.188     14.504     -9.256      4.067    225.670
 20170819   11.000     20.511     -1.432     19.079     -5.231      3.799    348.670
 20170819   11.250     20.837     -0.759     20.078     -4.299      3.539    466.330
 20170819   11.500     20.735      0.854     21.589     -2.439      3.294    503.330
 20170819   11.750     20.269      4.293     24.562      1.053      3.240    584.000
 20170819   12.000     19.502      5.589     25.091      2.361      3.229    778.000
 20170819   12.250     18.500      3.852     22.352      0.618      3.235    820.000
 20170819   12.500     17.327      4.349     21.676      1.061      3.288    508.670
 20170819   12.750     16.046      8.798     24.844      5.369      3.429    440.000
 20170819   13.000     14.722      9.178     23.900      5.569      3.610    364.330
 20170819   13.250     14.042      5.422     19.465      1.551      3.872    340.670
 20170819   13.500     12.986      5.092     18.078      1.067      4.025    299.330
 20170819   13.750     12.024      5.096     17.120      1.007      4.089    267.330
 20170819   14.000     11.147      5.538     16.685      1.520      4.018    268.330
 20170819   14.250     10.350      5.614     15.964      1.714      3.901    188.670
 20170819   14.500      9.624      5.519     15.143      1.727      3.791    158.330
 20170819   14.750      8.963      4.847     13.810      1.174      3.673    174.000
 20170819   15.000      8.359      2.933     11.292     -0.545      3.478    298.330
 20170819   15.250      7.806      1.722      9.528     -1.446      3.169    413.330
 20170819   15.500      7.296      2.182      9.478     -0.665      2.847    423.000
 20170819   15.750      6.822     -0.260      6.562     -2.711      2.452    564.670
 20170819   16.000      6.377     -7.015     -0.638     -9.041      2.025   1041.000
 20170819   16.250      5.954      2.434      8.387      0.833      1.601    837.670
 20170819   16.500      5.545     -0.663      4.882     -1.837      1.174    810.330
 20170819   16.750      5.144     -0.296      4.848     -1.121      0.825    641.000
 20170819   17.000      4.742      1.659      6.401      0.987      0.672    465.000
 20170819   17.250      5.651      1.596      7.247      1.072      0.524    303.000
 20170819   17.500      5.487     -0.102      5.385     -0.557      0.455    299.330
 20170819   17.750      5.331      2.051      7.382      1.558      0.493    309.000
 20170819   18.000      5.175      0.156      5.332     -0.520      0.677    393.000
 20170819   18.250      5.012      2.111      7.123      1.074      1.036    392.330
 20170819   18.500      4.833      2.536      7.369      0.963      1.573    372.330
 20170819   18.750      4.632      5.134      9.766      2.853      2.281    295.000
 20170819   19.000      4.400      6.717     11.116      3.448      3.269    224.670
 20170819   19.250      4.129      6.662     10.791      2.095      4.567    231.000
 20170819   19.500      3.812      6.896     10.708      1.122      5.774    239.330
 20170819   19.750      3.442      8.493     11.935      1.652      6.840    210.330
 20170819   20.000      3.011      8.667     11.678      1.241      7.427    215.330
 20170819   20.250      2.510      6.532      9.042     -0.978      7.510    269.330
 20170819   20.500      0.451      4.083      4.534     -3.323      7.406    303.330
 20170819   20.750     -0.497     -3.284     -3.781    -10.097      6.813    437.000
 20170819   21.000     -1.274    -11.727    -13.000    -17.732      6.005    646.330
 20170819   21.250     -2.945    -11.186    -14.131    -16.320      5.134    672.330
 20170819   21.500     -4.187     -9.539    -13.726    -14.169      4.630    726.000
 20170819   21.750     -5.117     -5.770    -10.887     -9.984      4.214    806.670
 20170819   22.000     -6.990     -6.361    -13.351    -10.437      4.076    863.000
 20170819   22.250     -8.258      6.390     -1.868      1.921      4.469    625.670
 20170819   22.500     -9.291     11.182      1.891      6.577      4.605    560.670
 20170819   22.750     -9.937     13.628      3.692      8.899      4.729    544.330
 20170819   23.000    -11.462      6.488     -4.974      1.444      5.044    579.330
 20170819   23.250    -12.154      4.692     -7.462     -0.120      4.813    592.000
 20170819   23.500    -12.637      2.295    -10.341     -2.001      4.297    680.670
 20170819   23.750    -12.906      1.530    -11.376     -2.058      3.589    744.330
 20170820    0.000    -13.469      0.659    -12.810     -2.109      2.768    752.000
 20170820    0.250    -13.486      1.893    -11.593     -0.038      1.930    668.330
 20170820    0.500    -13.388      1.967    -11.421      0.697      1.270    628.330
 20170820    0.750    -13.197      1.520    -11.677      0.655      0.865    617.330
 20170820    1.000    -12.936      0.130    -12.806     -0.459      0.588    753.330
 20170820    1.250    -12.627      0.105    -12.521     -0.288      0.393    731.330
 20170820    1.500    -12.292     -0.157    -12.449     -0.408      0.252    833.330
 20170820    1.750    -11.954     -0.117    -12.071     -0.266      0.149    957.000
 20170820    2.000    -11.636     -0.057    -11.692     -0.134      0.078    910.000
 20170820    2.250    -11.359      0.091    -11.268      0.056      0.035    654.670
 20170820    2.500    -11.147      0.033    -11.113      0.020      0.013    755.330
 20170820    2.750    -11.021      0.006    -11.015      0.003      0.003    798.330
 20170820    3.000    -11.005     -0.000    -11.005     -0.001      0.000    886.670
 20170820    3.250    -11.120      0.000    -11.120      0.000      0.000   1146.000
 20170820    3.500    -11.370      0.002    -11.368      0.000      0.002   1283.670
 20170820    3.750    -11.714      0.009    -11.704     -0.003      0.012   1118.330
 20170820    4.000    -12.105      0.092    -12.013      0.053      0.039    933.000
 20170820    4.250    -12.498      0.177    -12.321      0.093      0.084    680.670
 20170820    4.500    -12.845      0.246    -12.599      0.088      0.159    554.000
 20170820    4.750    -13.102      0.217    -12.885     -0.054      0.271    533.330
 20170820    5.000    -13.221     -0.432    -13.653     -0.872      0.440    525.000
 20170820    5.250    -13.156     -1.037    -14.193     -1.701      0.664    623.330
 20170820    5.500    -12.861     -1.842    -14.703     -2.811      0.969    336.670
 20170820    5.750    -12.289     -0.941    -13.230     -2.299      1.358    312.000
 20170820    6.000    -14.778      1.007    -13.771     -0.845      1.852    303.670
 20170820    6.250    -14.511      0.701    -13.809     -1.745      2.446    327.670
 20170820    6.500    -14.033      1.200    -12.834     -1.973      3.173    372.000
 20170820    6.750    -13.338      1.245    -12.093     -2.775      4.020    363.000
 20170820    7.000    -12.417      0.152    -12.265     -4.813      4.965    327.670
 20170820    7.250    -11.263      6.439     -4.824      0.525      5.914    331.670
 20170820    7.500     -9.868     11.427      1.559      4.630      6.797    599.000
 20170820    7.750     -8.224      7.274     -0.949     -0.280      7.554    496.000
 20170820    8.000     -8.577      7.025     -1.552     -1.257      8.282    385.670
 20170820    8.250     -7.336     13.772      6.436      4.909      8.863    402.670
 20170820    8.500     -6.026     15.909      9.882      6.529      9.380    648.330
 20170820    8.750     -3.177     10.499      7.322      0.658      9.841    631.670
 20170820    9.000     -0.176     11.908     11.732      1.868     10.040    703.670
 20170820    9.250      2.749      8.967     11.716     -0.801      9.769    580.330
 20170820    9.500      7.166      9.996     17.161      0.508      9.488    385.000
 20170820    9.750     10.595     16.395     26.991      7.253      9.142    355.000
 20170820   10.000     13.644     13.888     27.532      5.137      8.751    416.000
 20170820   10.250     16.170      4.230     20.400     -4.229      8.459    466.330
 20170820   10.500     18.391      2.064     20.455     -6.298      8.362    334.670
 20170820   10.750     19.820      4.156     23.975     -3.985      8.141    302.330
 20170820   11.000     20.668      7.317     27.986     -0.470      7.788    269.670
 20170820   11.250     21.003      6.707     27.711     -0.578      7.285    159.000
 20170820   11.500     20.893      7.293     28.186      0.541      6.752    137.330
 20170820   11.750     20.404      5.736     26.140     -0.507      6.243    120.670
 20170820   12.000     19.604      3.001     22.605     -2.797      5.798    111.670
 20170820   12.250     18.562      3.885     22.446     -1.606      5.490    221.330
 20170820   12.500     17.343      2.965     20.308     -2.249      5.214    188.670
 20170820   12.750     16.017      3.301     19.318     -1.723      5.024    201.670
 20170820   13.000     14.650      5.700     20.349      0.806      4.893    124.330
 20170820   13.250     13.938      5.735     19.673      0.951      4.784     91.670
 20170820   13.500     12.854      6.065     18.919      1.360      4.705     62.000
 20170820   13.750     11.871      5.097     16.968      0.566      4.532     65.000
 20170820   14.000     10.981      4.696     15.677      0.409      4.287     72.670
 20170820   14.250     10.176      4.401     14.577      0.356      4.044     66.670
 20170820   14.500      9.449      4.114     13.562      0.228      3.885     98.000
 20170820   14.750      8.791      2.399     11.190     -0.689      3.088    163.000
 20170820   15.000      8.195     -0.732      7.463     -2.846      2.115    348.330
 20170820   15.250      7.652      0.548      8.200     -0.650      1.198    266.670
 20170820   15.500      7.156     -0.909      6.247     -1.559      0.650    295.000
 20170820   15.750      6.698     -2.231      4.467     -2.769      0.539    370.670
 20170820   16.000      6.270     -0.654      5.616     -1.176      0.522    345.330
 20170820   16.250      5.864     -0.511      5.353     -0.965      0.453    325.000
 20170820   16.500      5.473     -0.529      4.944     -0.906      0.377    307.670
 20170820   16.750      5.088      0.006      5.094     -0.350      0.356    327.330
 20170820   17.000      4.702     -4.289      0.413     -4.617      0.328    566.000
 20170820   17.250      5.587      1.024      6.612      0.734      0.290    543.670
 20170820   17.500      5.427     -1.792      3.635     -2.047      0.255    661.330
 20170820   17.750      5.272      1.365      6.637      1.161      0.204    579.000
 20170820   18.000      5.115      3.016      8.131      2.853      0.163    433.330
 20170820   18.250      4.949     -0.805      4.144     -1.086      0.281    467.670
 20170820   18.500      4.766      0.519      5.285     -0.127      0.646    472.330
 20170820   18.750      4.561      4.119      8.679      2.876      1.242    381.670
 20170820   19.000      4.325      4.625      8.950      2.728      1.897    343.330
 20170820   19.250      4.052      7.621     11.673      4.959      2.663    290.000
 20170820   19.500      3.735      8.419     12.153      5.332      3.087    227.670
 20170820   19.750      3.366      2.143      5.509     -1.038      3.181    332.000
 20170820   20.000      2.938      2.196      5.135     -0.954      3.150    345.670
 20170820   20.250      2.446      5.957      8.402      2.810      3.147    231.670
 20170820   20.500      0.755      3.545      4.300      0.528      3.017    303.330
 20170820   20.750     -0.101      4.131      4.030      1.832      2.299    300.000
 20170820   21.000     -0.814     -0.211     -1.025     -1.670      1.460    284.670
 20170820   21.250     -2.560     -0.444     -3.004     -1.012      0.568    310.330
 20170820   21.500     -3.964     -2.659     -6.623     -2.408     -0.251    355.670
 20170820   21.750     -5.093     -3.956     -9.050     -3.319     -0.638    372.670
 20170820   22.000     -7.177    -10.576    -17.752     -9.991     -0.584    532.670
 20170820   22.250     -8.567      0.084     -8.483      0.853     -0.769    340.670
 20170820   22.500     -9.662      1.164     -8.497      2.142     -0.978    301.670
 20170820   22.750    -10.323      2.802     -7.521      3.674     -0.872    370.330
 20170820   23.000    -11.847     -2.311    -14.158     -1.501     -0.810    388.670
 20170820   23.250    -12.519     -3.438    -15.957     -2.860     -0.578    427.000
 20170820   23.500    -12.974      0.887    -12.087      1.186     -0.299    318.000
 20170820   23.750    -13.210      2.490    -10.720      2.538     -0.048    264.670
 20170821    0.000    -13.926      3.332    -10.593      3.091      0.242    189.330
 20170821    0.250    -13.889      1.843    -12.046      1.469      0.374    178.330
 20170821    0.500    -13.749      1.003    -12.746      0.552      0.451    213.000
 20170821    0.750    -13.530     -0.047    -13.577     -0.500      0.453    299.670
 20170821    1.000    -13.250      0.129    -13.121     -0.251      0.381    276.670
 20170821    1.250    -12.932      0.149    -12.783     -0.166      0.315    283.670
 20170821    1.500    -12.594      0.137    -12.457     -0.102      0.239    341.330
 20170821    1.750    -12.259      0.171    -12.088      0.011      0.160    257.670
 20170821    2.000    -11.946      0.144    -11.802      0.046      0.098    205.330
 20170821    2.250    -11.676      0.060    -11.616      0.009      0.051    292.330
 20170821    2.500    -11.470     -0.002    -11.472     -0.023      0.021    418.000
 20170821    2.750    -11.348     -0.002    -11.350     -0.008      0.006    423.330
 20170821    3.000    -11.331      0.000    -11.331     -0.000      0.001    374.000
 20170821    3.250    -11.439      0.000    -11.439      0.000      0.000    293.670
 20170821    3.500    -11.675      0.002    -11.672      0.001      0.002    243.670
 20170821    3.750    -11.998      0.016    -11.981      0.006      0.010    226.670
 20170821    4.000    -12.364      0.029    -12.335     -0.001      0.030    232.330
 20170821    4.250    -12.727      0.036    -12.691     -0.031      0.067    350.670
 20170821    4.500    -13.043      0.023    -13.021     -0.105      0.128    363.330
 20170821    4.750    -13.267      0.090    -13.177     -0.127      0.217    362.330
 20170821    5.000    -13.353      0.321    -13.033     -0.009      0.330    274.000
 20170821    5.250    -13.257      0.834    -12.422      0.374      0.461    335.330
 20170821    5.500    -12.933      0.877    -12.055      0.273      0.604    261.000
 20170821    5.750    -12.336      0.869    -11.466      0.070      0.799    227.330
 20170821    6.000    -14.790      0.770    -14.021     -0.256      1.026    226.000
 20170821    6.250    -14.505      1.003    -13.502     -0.416      1.419    308.330
 20170821    6.500    -14.014      0.146    -13.868     -1.638      1.784    259.330
 20170821    6.750    -13.309      0.726    -12.583     -1.365      2.092    172.000
 20170821    7.000    -12.383      1.642    -10.741     -0.698      2.341    183.330
 20170821    7.250    -11.227      2.834     -8.393      0.211      2.623    221.330
 20170821    7.500     -9.833      1.489     -8.344     -1.340      2.829    190.670
 20170821    7.750     -8.193      1.627     -6.566     -1.230      2.856    165.670
 20170821    8.000     -8.628      2.428     -6.200     -0.416      2.844    267.330
 20170821    8.250     -7.422      3.785     -3.638      0.889      2.895    416.330
 20170821    8.500     -6.140      6.200      0.060      3.365      2.835    649.670
 20170821    8.750     -3.355      5.987      2.633      3.593      2.394    809.000
 20170821    9.000     -0.396      3.318      2.922      1.261      2.057    680.670
 20170821    9.250      2.499      8.314     10.813      6.264      2.051    472.000
 20170821    9.500      6.941     15.506     22.447     12.980      2.526    404.000
 20170821    9.750     10.424     11.531     21.955      8.575      2.955    356.000
 20170821   10.000     13.553      3.326     16.879      0.532      2.794    236.000
 20170821   10.250     16.169     -0.951     15.218     -3.421      2.470    187.330
 20170821   10.500     18.455     -4.325     14.130     -6.583      2.257    119.330
 20170821   10.750     19.934     -4.099     15.834     -6.171      2.072     78.670
 20170821   11.000     20.808     -1.470     19.338     -3.338      1.868     58.000
 20170821   11.250     21.151     -1.545     19.606     -3.285      1.740     70.670
 20170821   11.500     21.031     -1.827     19.204     -3.444      1.617     59.330
 20170821   11.750     20.519     -0.502     20.017     -2.064      1.562     51.000
 20170821   12.000     19.687      0.512     20.200     -1.007      1.520     64.330
 20170821   12.250     18.605      0.932     19.537     -0.622      1.554    115.000
 20170821   12.500     17.343      0.573     17.917     -0.863      1.436    138.330
 20170821   12.750     15.973      0.700     16.673     -0.648      1.349    130.000
 20170821   13.000     14.564      1.640     16.204      0.314      1.326     70.000
 20170821   13.250     13.834      2.383     16.218      1.025      1.358     44.670
 20170821   13.500     12.727      2.255     14.981      0.888      1.367     49.330
 20170821   13.750     11.728      1.475     13.203      0.114      1.361     59.670
 20170821   14.000     10.830      1.495     12.325      0.137      1.358     42.670
 20170821   14.250     10.023      1.705     11.728      0.427      1.278     33.330
 20170821   14.500      9.299      1.611     10.910      0.539      1.072     31.670
 20170821   14.750      8.650      0.929      9.579      0.213      0.716     33.000
 20170821   15.000      8.066      0.543      8.609      0.037      0.507     35.670
 20170821   15.250      7.539      0.410      7.949      0.073      0.337     37.000
 20170821   15.500      7.060      0.354      7.414      0.128      0.225     39.330
 20170821   15.750      6.622      0.172      6.793      0.039      0.133     39.000
 20170821   16.000      6.214     -0.038      6.175     -0.094      0.056     43.330
 20170821   16.250      5.828     -0.237      5.592     -0.257      0.021     56.330
 20170821   16.500      5.456     -0.331      5.126     -0.333      0.002     74.330
 20170821   16.750      5.090     -0.471      4.619     -0.473      0.002    100.670
 20170821   17.000      4.719     -0.459      4.260     -0.461      0.002    124.000
 20170821   17.250      5.644     -0.158      5.486     -0.159      0.001    128.330
 20170821   17.500      5.497     -1.229      4.269     -1.225     -0.004    178.330
 20170821   17.750      5.353     -6.074     -0.721     -6.059     -0.015    439.670
 20170821   18.000      5.203      1.485      6.688      1.514     -0.029    352.670
 20170821   18.250      5.042      2.797      7.839      2.837     -0.040    212.000
 20170821   18.500      4.863     -2.581      2.282     -2.517     -0.063    316.330
 20170821   18.750      4.657      3.048      7.705      3.169     -0.122    206.000
 20170821   19.000      4.419      2.052      6.471      2.258     -0.206    135.000
 20170821   19.250      4.142      3.321      7.462      3.596     -0.275    110.670
 20170821   19.500      3.818      2.643      6.461      3.042     -0.399    111.000
 20170821   19.750      3.441      2.115      5.556      2.620     -0.506     88.330
 20170821   20.000      3.004      1.466      4.470      2.064     -0.598     69.330
 20170821   20.250      2.499      1.909      4.408      2.576     -0.667     69.670
 20170821   20.500      1.534      0.708      2.242      1.441     -0.733     69.330
 20170821   20.750      0.824     -4.009     -3.185     -3.188     -0.821    142.000
 20170821   21.000      0.194     -9.611     -9.417     -8.692     -0.919    261.000
 20170821   21.250     -1.580    -10.741    -12.320     -9.792     -0.949    300.000
 20170821   21.500     -3.164    -12.395    -15.559    -11.484     -0.911    391.000
 20170821   21.750     -4.545     -8.468    -13.013     -7.674     -0.793    412.000
 20170821   22.000     -6.958     -2.701     -9.660     -1.978     -0.724    321.000
 20170821   22.250     -8.611      0.691     -7.920      1.392     -0.702    302.670
 20170821   22.500     -9.921      5.352     -4.569      6.110     -0.759    198.670
 20170821   22.750    -10.740      4.629     -6.111      5.444     -0.815    141.000
 20170821   23.000    -12.371      4.562     -7.809      5.361     -0.799    111.000
 20170821   23.250    -13.081      0.817    -12.264      1.571     -0.754    162.330
 20170821   23.500    -13.524     -3.523    -17.047     -2.863     -0.660    317.670
 20170821   23.750    -13.715     -1.755    -15.470     -1.219     -0.536    221.670
 20170822    0.000    -14.564     -1.142    -15.706     -0.771     -0.371    241.000
 20170822    0.250    -14.444     -1.680    -16.124     -1.419     -0.261    423.000
 20170822    0.500    -14.241     -4.242    -18.483     -4.029     -0.213    688.670
 20170822    0.750    -13.978     -3.929    -17.907     -3.778     -0.151    831.000
 20170822    1.000    -13.671     -1.925    -15.596     -1.814     -0.111    791.670
 20170822    1.250    -13.339      0.185    -13.154      0.265     -0.080    553.000
 20170822    1.500    -12.999      0.384    -12.615      0.432     -0.048    521.670
 20170822    1.750    -12.670      0.133    -12.537      0.157     -0.024    575.330
 20170822    2.000    -12.368     -0.091    -12.459     -0.077     -0.014    636.330
 20170822    2.250    -12.113     -0.036    -12.149     -0.027     -0.009    624.670
 20170822    2.500    -11.922     -0.071    -11.993     -0.066     -0.004   1061.670
 20170822    2.750    -11.812     -0.039    -11.851     -0.038     -0.001   1626.000
 20170822    3.000    -11.802     -0.002    -11.804     -0.002     -0.000   1140.670
 20170822    3.250    -11.910      0.000    -11.910      0.000      0.000    766.330
 20170822    3.500    -12.135      0.006    -12.128      0.006      0.000    562.330
 20170822    3.750    -12.439      0.023    -12.416      0.020      0.003    582.000
 20170822    4.000    -12.779      0.015    -12.763      0.005      0.011    486.000
 20170822    4.250    -13.111     -0.158    -13.268     -0.184      0.026    460.330
 20170822    4.500    -13.391     -0.578    -13.968     -0.634      0.056    596.670
 20170822    4.750    -13.575     -0.575    -14.150     -0.682      0.108    618.000
 20170822    5.000    -13.621     -0.269    -13.889     -0.451      0.182    635.670
 20170822    5.250    -13.483      0.404    -13.080      0.117      0.287    640.000
 20170822    5.500    -13.120      0.654    -12.466      0.235      0.419    673.000
 20170822    5.750    -12.486      0.942    -11.544      0.372      0.570    561.000
 20170822    6.000    -14.907      0.916    -13.991      0.218      0.697    384.670
 20170822    6.250    -14.593      0.470    -14.123     -0.389      0.860    301.000
 20170822    6.500    -14.078     -0.405    -14.483     -1.535      1.130    256.670
 20170822    6.750    -13.355     -2.766    -16.120     -4.092      1.327    205.000
 20170822    7.000    -12.413     -2.389    -14.802     -3.935      1.546    342.670
 20170822    7.250    -11.245     -4.041    -15.286     -5.927      1.886    426.000
 20170822    7.500     -9.843     -6.749    -16.592     -9.158      2.409    212.000
 20170822    7.750     -8.197      0.775     -7.422     -2.257      3.033    143.000
 20170822    8.000     -8.707      6.495     -2.212      2.885      3.610    196.330
 20170822    8.250     -7.528      3.407     -4.122     -0.552      3.959    224.330
 20170822    8.500     -6.267      2.696     -3.571     -1.526      4.222    211.000
 20170822    8.750     -3.535      0.323     -3.213     -4.150      4.472    137.330
 20170822    9.000     -0.610      0.186     -0.424     -4.541      4.727     90.000
 20170822    9.250      2.261      5.780      8.041      0.922      4.858    129.670
 20170822    9.500      6.729      5.765     12.494      0.499      5.267    178.000
 20170822    9.750     10.265      4.176     14.440     -1.790      5.965    237.330
 20170822   10.000     13.470      3.678     17.148     -2.518      6.196    219.330
 20170822   10.250     16.169      5.180     21.350     -0.976      6.157    204.000
 20170822   10.500     18.516      7.934     26.451      1.988      5.947    220.330
 20170822   10.750     20.039      7.189     27.228      1.407      5.782    131.670
 20170822   11.000     20.938      7.597     28.535      2.032      5.565    199.330
 20170822   11.250     21.285      5.383     26.668      0.888      4.495    232.000
 20170822   11.500     21.155      1.350     22.505     -1.969      3.319    316.330
 20170822   11.750     20.621      0.996     21.617     -0.930      1.927    531.000
 20170822   12.000     19.757     -1.353     18.404     -2.434      1.081    611.330
 20170822   12.250     18.636     -1.147     17.489     -1.901      0.754    600.000
 20170822   12.500     17.332      3.409     20.741      2.604      0.805    462.670
 20170822   12.750     15.919      5.370     21.290      3.998      1.373    426.670
 20170822   13.000     14.471      5.729     20.199      3.597      2.132    357.330
 20170822   13.250     13.735      3.104     16.839      0.551      2.553    514.000
 20170822   13.500     12.608      2.318     14.926     -0.276      2.594    411.330
 20170822   13.750     11.599      2.895     14.494     -0.040      2.935    361.670
 20170822   14.000     10.697      5.534     16.231      2.272      3.263    282.330
 20170822   14.250      9.893      4.862     14.755      1.146      3.716    298.670
 20170822   14.500      9.177      4.341     13.519      0.662      3.679    312.000
 20170822   14.750      8.541      4.896     13.437      1.521      3.376    196.330
 20170822   15.000      7.974      5.193     13.167      2.261      2.932    176.000
 20170822   15.250      7.466      4.342     11.809      1.740      2.602    155.000
 20170822   15.500      7.009      4.099     11.108      1.772      2.327    122.330
 20170822   15.750      6.593      1.825      8.418     -0.182      2.008    197.670
 20170822   16.000      6.208      1.533      7.741     -0.136      1.669    262.330
 20170822   16.250      5.845      1.172      7.017     -0.188      1.360    338.670
 20170822   16.500      5.493      1.504      6.997      0.424      1.080    311.330
 20170822   16.750      5.145      1.591      6.736      0.734      0.857    244.670
 20170822   17.000      4.789      1.159      5.949      0.438      0.722    167.330
 20170822   17.250      5.827      0.149      5.977     -0.476      0.625    141.670
 20170822   17.500      5.707     -0.401      5.306     -0.940      0.539    173.670
 20170822   17.750      5.586      1.127      6.712      0.679      0.448    156.670
 20170822   18.000      5.456      1.285      6.740      0.958      0.327    139.330
 20170822   18.250      5.310      1.308      6.617      1.065      0.243    117.330
 20170822   18.500      5.141      1.469      6.610      1.292      0.177     89.330
 20170822   18.750      4.941      1.281      6.222      1.101      0.180     72.330
 20170822   19.000      4.704      0.838      5.542      0.617      0.222     74.330
 20170822   19.250      4.421      0.651      5.072      0.449      0.203     77.670
 20170822   19.500      4.086      0.604      4.689      0.717     -0.114     65.670
 20170822   19.750      3.690     -0.546      3.144     -0.055     -0.491     79.330
 20170822   20.000      3.227     -0.887      2.340     -0.220     -0.667     87.670
 20170822   20.250      2.690     -2.320      0.370     -1.649     -0.670    109.670
 20170822   20.500      2.832     -5.407     -2.575     -4.769     -0.638    183.330
 20170822   20.750      2.323    -14.696    -12.373    -14.123     -0.573    388.670
 20170822   21.000      1.800    -19.880    -18.081    -19.324     -0.556    538.330
 20170822   21.250      0.031    -17.843    -17.812    -17.306     -0.538    566.330
 20170822   21.500     -1.771    -21.592    -23.363    -21.039     -0.553    800.670
 20170822   21.750     -3.473    -11.208    -14.681    -10.511     -0.697    726.330
 20170822   22.000     -6.350     -8.708    -15.058     -7.843     -0.865    692.000
 20170822   22.250     -8.413     -4.853    -13.266     -3.873     -0.979    794.330
 20170822   22.500    -10.091     -1.938    -12.030     -1.897     -0.041    730.670
 20170822   22.750    -11.207      0.668    -10.539     -0.164      0.832    675.670
 20170822   23.000    -13.047      5.190     -7.858      3.525      1.664    632.670
 20170822   23.250    -13.849      4.194     -9.656      1.566      2.627    675.000
 20170822   23.500    -14.295      5.645     -8.650      3.122      2.522    538.000
 20170822   23.750    -14.426      8.159     -6.267      6.249      1.910    284.670
 20170823    0.000    -14.459      7.593     -6.865      6.359      1.235    230.000
 20170823    0.250    -14.373      3.769    -10.604      3.094      0.675    277.670
 20170823    0.500    -14.197      0.039    -14.158     -0.281      0.320    378.330
 20170823    0.750    -13.951     -0.053    -14.004     -0.194      0.142    329.670
 20170823    1.000    -13.654     -0.412    -14.066     -0.452      0.040    439.670
 20170823    1.250    -13.326     -0.258    -13.584     -0.250     -0.009    483.330
 20170823    1.500    -12.983     -0.421    -13.404     -0.375     -0.046    504.670
 20170823    1.750    -12.646     -0.209    -12.855     -0.162     -0.047    531.670
 20170823    2.000    -12.332     -0.073    -12.405     -0.036     -0.037    501.670
 20170823    2.250    -12.060     -0.039    -12.099     -0.017     -0.022    530.000
 20170823    2.500    -11.849     -0.004    -11.852      0.007     -0.011    452.000
 20170823    2.750    -11.717     -0.008    -11.725     -0.004     -0.003    603.000
 20170823    3.000    -11.683     -0.001    -11.684     -0.001     -0.000    786.000
 20170823    3.250    -11.765      0.000    -11.765      0.000      0.000    763.330
 20170823    3.500    -11.965     -0.000    -11.965     -0.001      0.001    471.000
 20170823    3.750    -12.245      0.013    -12.232      0.010      0.004    440.000
 20170823    4.000    -12.562      0.041    -12.521      0.028      0.013    466.330
 20170823    4.250    -12.872      0.030    -12.843     -0.002      0.032    433.000
 20170823    4.500    -13.135     -0.026    -13.161     -0.097      0.070    455.330
 20170823    4.750    -13.305     -0.153    -13.459     -0.287      0.133    541.670
 20170823    5.000    -13.342     -0.275    -13.617     -0.508      0.233    561.330
 20170823    5.250    -13.201      0.447    -12.754      0.051      0.396    579.330
 20170823    5.500    -12.840      0.853    -11.987      0.225      0.628    514.670
 20170823    5.750    -12.216      1.168    -11.048      0.230      0.938    462.330
 20170823    6.000    -14.602      1.717    -12.884      0.366      1.352    373.000
 20170823    6.250    -14.298      1.392    -12.906     -0.517      1.909    249.670
 20170823    6.500    -13.800      2.199    -11.601     -0.362      2.561    372.330
 20170823    6.750    -13.097      1.999    -11.098     -1.199      3.198    503.330
 20170823    7.000    -12.181     -0.290    -12.471     -4.120      3.831    517.330
 20170823    7.250    -11.041      0.881    -10.160     -3.578      4.459    395.000
 20170823    7.500     -9.670      6.876     -2.795      1.769      5.106    489.330
 20170823    7.750     -8.058      9.046      0.988      3.403      5.643    523.670
 20170823    8.000     -8.670     11.621      2.951      5.475      6.146    661.330
 20170823    8.250     -7.551     10.669      3.118      4.098      6.571    751.330
 20170823    8.500     -6.337      9.011      2.674      2.092      6.919    861.670
 20170823    8.750     -3.698      8.674      4.976      1.519      7.154    774.330
 20170823    9.000     -0.839     12.388     11.550      5.279      7.109    633.330
 20170823    9.250      1.982     14.844     16.826      7.949      6.895    617.330
 20170823    9.500      6.469     12.435     18.904      5.887      6.548    651.000
 20170823    9.750     10.063      4.139     14.203     -1.963      6.102    526.000
 20170823   10.000     13.362      3.677     17.039     -2.151      5.828    489.330
 20170823   10.250     16.169      2.438     18.608     -3.105      5.543    414.000
 20170823   10.500     18.599      1.786     20.385     -3.213      4.999    409.670
 20170823   10.750     20.185      3.010     23.194     -1.504      4.513    422.000
 20170823   11.000     21.119      0.838     21.957     -3.281      4.119    371.330
 20170823   11.250     21.479      1.032     22.511     -2.744      3.776    420.670
 20170823   11.500     21.343      2.469     23.812     -1.005      3.475    521.000
 20170823   11.750     20.787      0.576     21.363     -2.754      3.331    490.000
 20170823   12.000     19.888      2.824     22.713     -0.522      3.346    603.670
 20170823   12.250     18.725      3.654     22.379      0.209      3.445    613.330
 20170823   12.500     17.373      2.879     20.253     -0.704      3.583    632.000
 20170823   12.750     15.911      4.932     20.843      1.215      3.717    599.000
 20170823   13.000     14.415      4.739     19.154      0.855      3.884    627.330
 20170823   13.250     13.622      4.656     18.278      0.645      4.011    575.330
 20170823   13.500     12.458      3.218     15.676     -0.991      4.209    775.330
 20170823   13.750     11.418      0.746     12.164     -3.673      4.419   1062.670
 20170823   14.000     10.492     -1.717      8.776     -6.325      4.609   1273.000
 20170823   14.250      9.671      0.204      9.875     -4.483      4.687   1233.330
 20170823   14.500      8.944      5.603     14.547      0.842      4.761    841.670
 20170823   14.750      8.301      4.595     12.896     -0.254      4.849    860.330
 20170823   15.000      7.732      4.651     12.383     -0.295      4.946    776.000
 20170823   15.250      7.227      4.165     11.392     -0.795      4.960    833.000
 20170823   15.500      6.776      4.127     10.903     -0.636      4.763    986.330
 20170823   15.750      6.368      7.837     14.206      3.359      4.479    934.000
 20170823   16.000      5.995      7.360     13.354      3.258      4.102    876.670
 20170823   16.250      5.645      1.649      7.293     -2.038      3.686    957.000
 20170823   16.500      5.309      3.389      8.697      0.094      3.295    925.330
 20170823   16.750      4.976      4.858      9.834      1.988      2.869    781.670
 20170823   17.000      4.637      2.055      6.692     -0.385      2.441    759.330
 20170823   17.250      5.497      2.303      7.800      0.222      2.081    749.000
 20170823   17.500      5.355     -1.831      3.524     -3.577      1.746    946.670
 20170823   17.750      5.209     -2.718      2.491     -4.145      1.428   1151.330
 20170823   18.000      5.054      1.876      6.930      0.674      1.202   1127.330
 20170823   18.250      4.884      3.860      8.744      2.766      1.094    997.000
 20170823   18.500      4.694      5.895     10.589      4.714      1.181    832.000
 20170823   18.750      4.478     10.002     14.481      8.641      1.362    614.670
 20170823   19.000      4.232     10.288     14.520      8.673      1.615    489.330
 20170823   19.250      3.949     14.968     18.917     13.009      1.959    314.000
 20170823   19.500      3.624     17.352     20.975     14.839      2.513    164.000
 20170823   19.750      3.251     15.780     19.031     12.593      3.187    138.000
 20170823   20.000      2.825     11.374     14.199      7.262      4.113    173.670
 20170823   20.250      2.341      9.863     12.205      4.812      5.052    146.330
 20170823   20.500      2.050     10.276     12.326      4.042      6.234    118.000
 20170823   20.750      1.517     11.798     13.316      4.314      7.484    117.670
 20170823   21.000      1.012     10.325     11.337      1.159      9.166    141.330
 20170823   21.250     -0.904      5.028      4.123     -5.835     10.862    245.330
 20170823   21.500     -2.794      2.358     -0.436     -9.357     11.715    329.670
 20170823   21.750     -4.551      3.419     -1.132     -8.939     12.358    358.670
 20170823   22.000     -7.358      6.374     -0.984     -6.364     12.739    386.330
 20170823   22.250     -9.236      9.551      0.315     -3.323     12.874    384.000
 20170823   22.500    -10.652      7.551     -3.101     -5.479     13.029    471.330
 20170823   22.750    -11.491      6.708     -4.784     -6.036     12.744    535.000
 20170823   23.000    -13.113      9.562     -3.551     -2.436     11.998    453.670
 20170823   23.250    -13.783     11.793     -1.990      0.655     11.138    422.670
 20170823   23.500    -14.171     12.434     -1.737      2.475      9.958    387.000
 20170823   23.750    -14.298     10.155     -4.143      1.638      8.517    347.670
 20170824    0.000    -14.265      7.590     -6.675      0.447      7.143    382.000
 20170824    0.250    -14.229      5.879     -8.350      0.104      5.776    390.670
 20170824    0.500    -14.092      4.737     -9.355      0.124      4.613    364.330
 20170824    0.750    -13.873      3.896     -9.976      0.276      3.621    349.330
 20170824    1.000    -13.591      3.189    -10.402      0.456      2.733    295.330
 20170824    1.250    -13.267      2.300    -10.967      0.346      1.954    257.670
 20170824    1.500    -12.920      1.491    -11.429      0.176      1.315    262.670
 20170824    1.750    -12.571      0.894    -11.677      0.090      0.804    239.670
 20170824    2.000    -12.239      0.317    -11.922     -0.120      0.437    437.670
 20170824    2.250    -11.945      0.099    -11.846     -0.104      0.202    564.330
 20170824    2.500    -11.707      0.054    -11.654     -0.021      0.074    410.330
 20170824    2.750    -11.547      0.020    -11.527      0.001      0.019    384.670
 20170824    3.000    -11.483      0.002    -11.481      0.001      0.002    339.670
 20170824    3.250    -11.536      0.000    -11.536      0.000      0.000    372.330
 20170824    3.500    -11.707      0.005    -11.703      0.002      0.003    448.000
 20170824    3.750    -11.961      0.014    -11.947     -0.005      0.019    413.330
 20170824    4.000    -12.255      0.026    -12.229     -0.028      0.053    414.670
 20170824    4.250    -12.546      0.143    -12.403      0.030      0.113    491.000
 20170824    4.500    -12.793      0.249    -12.544      0.048      0.201    528.670
 20170824    4.750    -12.953      0.400    -12.553      0.080      0.320    492.000
 20170824    5.000    -12.985      0.647    -12.338      0.170      0.477    463.330
 20170824    5.250    -12.846      1.130    -11.716      0.456      0.673    614.670
 20170824    5.500    -12.494      1.273    -11.221      0.354      0.919    605.330
 20170824    5.750    -11.886      1.647    -10.240      0.461      1.186    625.330
 20170824    6.000    -14.238      1.650    -12.588      0.229      1.421    501.670
 20170824    6.250    -13.952      2.047    -11.905      0.402      1.645    492.000
 20170824    6.500    -13.476      2.986    -10.490      1.120      1.866    492.000
 20170824    6.750    -12.800      1.385    -11.415     -0.696      2.081    369.330
 20170824    7.000    -11.915      0.584    -11.331     -1.762      2.346    412.670
 20170824    7.250    -10.810      1.536     -9.274     -1.098      2.634    501.670
 20170824    7.500     -9.476     -1.500    -10.976     -4.462      2.961    505.330
 20170824    7.750     -7.903      0.670     -7.233     -2.644      3.314    433.330
 20170824    8.000     -8.623      1.738     -6.885     -1.840      3.578    309.000
 20170824    8.250     -7.568      6.788     -0.780      3.083      3.705    506.330
 20170824    8.500     -6.407      6.507      0.099      2.720      3.786    596.330
 20170824    8.750     -3.866      2.186     -1.681     -1.626      3.812    658.670
 20170824    9.000     -1.079      0.451     -0.628     -3.502      3.953    422.330
 20170824    9.250      1.686      6.570      8.257      2.422      4.148    422.670
 20170824    9.500      6.190      8.490     14.681      4.392      4.099    339.670
 20170824    9.750      9.844      6.004     15.848      2.066      3.939    296.670
 20170824   10.000     13.239      2.865     16.104     -0.851      3.716    280.000
 20170824   10.250     16.157     -0.745     15.412     -4.240      3.496    244.330
 20170824   10.500     18.672     -1.750     16.922     -5.083      3.333    294.000
 20170824   10.750     20.322      0.986     21.308     -2.118      3.104    321.670
 20170824   11.000     21.294     -0.521     20.773     -3.381      2.859    292.000
 20170824   11.250     21.668      2.470     24.139     -0.253      2.723    377.670
 20170824   11.500     21.526      2.651     24.177      0.012      2.638    444.670
 20170824   11.750     20.948      1.630     22.579     -0.943      2.573    625.330
 20170824   12.000     20.015      1.608     21.623     -0.928      2.535    600.330
 20170824   12.250     18.808      2.472     21.281     -0.110      2.582    591.670
 20170824   12.500     17.408      5.223     22.631      2.561      2.662    605.330
 20170824   12.750     15.896      4.309     20.205      1.499      2.810    693.330
 20170824   13.000     14.353      4.104     18.458      1.133      2.971    426.000
 20170824   13.250     13.498      5.520     19.019      2.351      3.169    397.000
 20170824   13.500     12.295      6.669     18.964      3.289      3.379    346.000
 20170824   13.750     11.224      4.955     16.178      1.384      3.570    274.000
 20170824   14.000     10.273      5.829     16.103      2.106      3.723    204.330
 20170824   14.250      9.434      5.780     15.213      1.942      3.838    216.670
 20170824   14.500      8.694      5.737     14.431      1.933      3.804    247.670
 20170824   14.750      8.043      4.081     12.124      0.403      3.678    283.670
 20170824   15.000      7.471      2.943     10.414     -0.463      3.405    369.670
 20170824   15.250      6.968      4.053     11.021      0.878      3.174    296.670
 20170824   15.500      6.522      4.502     11.024      1.640      2.862    169.670
 20170824   15.750      6.123      3.528      9.652      1.024      2.504     72.000
 20170824   16.000      5.761      2.393      8.154      0.273      2.121     54.330
 20170824   16.250      5.425      2.277      7.702      0.574      1.703     57.330
 20170824   16.500      5.104      2.682      7.785      1.409      1.273     46.000
 20170824   16.750      4.788      2.360      7.148      1.488      0.872     55.000
 20170824   17.000      4.466      1.636      6.102      1.095      0.541     56.000
 20170824   17.250      5.091      0.952      6.042      0.637      0.315     50.000
 20170824   17.500      4.917      0.321      5.238      0.131      0.190     46.330
 20170824   17.750      4.736      0.043      4.779     -0.134      0.177     52.000
 20170824   18.000      4.546      0.140      4.685     -0.134      0.274     58.330
 20170824   18.250      4.342      0.253      4.595     -0.085      0.338     60.000
 20170824   18.500      4.123      0.196      4.319     -0.032      0.228     59.670
 20170824   18.750      3.885      0.231      4.116      0.412     -0.181     46.000
 20170824   19.000      3.625     -0.069      3.556      0.409     -0.478     38.670
 20170824   19.250      3.340      0.271      3.612      0.820     -0.548     25.330
 20170824   19.500      3.028     -0.234      2.794      0.356     -0.590     28.330
 20170824   19.750      2.684      0.097      2.780      0.705     -0.609     20.330
 20170824   20.000      2.306     -0.382      1.924      0.242     -0.624     22.330
 20170824   20.250      1.891     -0.182      1.709      0.462     -0.644     20.670
 20170824   20.500      0.929     -0.633      0.295      0.017     -0.650     23.330
 20170824   20.750      0.343     -0.961     -0.619     -0.331     -0.631     31.330
 20170824   21.000     -0.155     -1.108     -1.262     -0.528     -0.579     33.670
 20170824   21.250     -2.212     -0.742     -2.954     -0.305     -0.437     31.670
 20170824   21.500     -4.137     -0.932     -5.069     -0.607     -0.325     42.330
 20170824   21.750     -5.879     -0.815     -6.693     -0.560     -0.254     45.000
 20170824   22.000     -8.521     -0.755     -9.276     -0.573     -0.182     44.330
 20170824   22.250    -10.130     -0.233    -10.362     -0.124     -0.109     42.670
 20170824   22.500    -11.210     -0.302    -11.512     -0.257     -0.045     49.670
 20170824   22.750    -11.715     -0.022    -11.736     -0.022      0.000     43.670
 20170824   23.000    -13.079     -0.391    -13.470     -0.391      0.000     54.330
 20170824   23.250    -13.599     -0.184    -13.783     -0.184      0.000     56.000
 20170824   23.500    -13.930     -0.355    -14.285     -0.355      0.000     61.000
 20170824   23.750    -14.065     -0.347    -14.412     -0.347      0.000     72.670
 20170825    0.000    -14.802     -0.076    -14.878     -0.076      0.000     60.000
 20170825    0.250    -14.699     -0.003    -14.702      0.006     -0.009     58.670
 20170825    0.500    -14.511     -0.050    -14.561     -0.030     -0.020     71.000
 20170825    0.750    -14.256     -0.184    -14.440     -0.156     -0.028     84.000
 20170825    1.000    -13.952     -0.054    -14.006     -0.023     -0.031     64.330
 20170825    1.250    -13.617     -0.006    -13.623      0.023     -0.029     62.000
 20170825    1.500    -13.268      0.008    -13.260      0.033     -0.025     66.000
 20170825    1.750    -12.923     -0.021    -12.943     -0.003     -0.018     66.000
 20170825    2.000    -12.599     -0.013    -12.611     -0.002     -0.011     64.000
 20170825    2.250    -12.314     -0.004    -12.318      0.002     -0.006     61.330
 20170825    2.500    -12.086     -0.003    -12.089      0.000     -0.003     68.330
 20170825    2.750    -11.933     -0.001    -11.934     -0.000     -0.001     71.670
 20170825    3.000    -11.871     -0.000    -11.872     -0.000     -0.000     69.670
 20170825    3.250    -11.920      0.000    -11.920     -0.000      0.000     66.000
 20170825    3.500    -12.079      0.000    -12.079      0.000      0.000     66.330
 20170825    3.750    -12.313      0.001    -12.312      0.000      0.001     64.330
 20170825    4.000    -12.580      0.002    -12.578     -0.000      0.002     55.670
 20170825    4.250    -12.841      0.004    -12.837     -0.001      0.006     55.670
 20170825    4.500    -13.055      0.007    -13.047     -0.004      0.011     60.330
 20170825    4.750    -13.180      0.009    -13.171     -0.010      0.019     65.670
 20170825    5.000    -13.175      0.024    -13.151     -0.007      0.031     71.670
 20170825    5.250    -13.000      0.037    -12.964     -0.012      0.049     70.330
 20170825    5.500    -12.615      0.062    -12.553     -0.013      0.074     62.330
 20170825    5.750    -11.977      0.384    -11.593      0.277      0.107    119.670
 20170825    6.000    -14.295      0.371    -13.924      0.226      0.145    132.670
 20170825    6.250    -13.986      0.236    -13.750      0.045      0.191    117.000
 20170825    6.500    -13.493      1.491    -12.001      1.248      0.243    204.000
 20170825    6.750    -12.803      1.169    -11.635      0.846      0.322    189.670
 20170825    7.000    -11.908      0.286    -11.623     -0.108      0.394     96.670
 20170825    7.250    -10.798      2.325     -8.473      1.847      0.478     74.670
 20170825    7.500     -9.461      2.794     -6.667      2.237      0.557    164.000
 20170825    7.750     -7.887      0.011     -7.877     -0.607      0.617    160.330
 20170825    8.000     -8.687     -0.902     -9.589     -1.574      0.672    104.670
 20170825    8.250     -7.664     -0.840     -8.504     -1.553      0.713     64.000
 20170825    8.500     -6.527      0.308     -6.219     -0.415      0.723     78.330
 20170825    8.750     -4.046      0.852     -3.194      0.142      0.710     74.330
 20170825    9.000     -1.297      0.209     -1.088     -0.488      0.697     56.330
 20170825    9.250      1.440     -0.749      0.692     -1.459      0.710     68.000
 20170825    9.500      5.970     -1.035      4.935     -1.724      0.689     58.000
 20170825    9.750      9.676     -0.176      9.501     -0.892      0.716     58.330
 20170825   10.000     13.150      0.936     14.086      0.209      0.727     66.330
 20170825   10.250     16.155      0.531     16.686     -0.233      0.764     85.670
 20170825   10.500     18.734      0.208     18.942     -0.596      0.804     68.000
 20170825   10.750     20.431      1.845     22.277      0.981      0.864    198.330
 20170825   11.000     21.428      0.407     21.836     -0.463      0.871    238.330
 20170825   11.250     21.809     -0.637     21.172     -1.482      0.845    199.670
 20170825   11.500     21.657      2.528     24.185      1.751      0.776    201.670
 20170825   11.750     21.056      2.980     24.037      2.316      0.665    211.000
 20170825   12.000     20.091      1.706     21.797      1.147      0.559    406.330
 20170825   12.250     18.845     -0.288     18.557     -0.784      0.495    477.000
 20170825   12.500     17.402     -1.769     15.633     -2.176      0.407    348.000
 20170825   12.750     15.847      2.223     18.070      1.904      0.319    242.000
 20170825   13.000     14.263      4.061     18.324      3.786      0.275    175.670
 20170825   13.250     13.395      2.357     15.752      2.057      0.300    180.000
 20170825   13.500     12.171      0.921     13.092      0.596      0.325    186.000
 20170825   13.750     11.086      0.555     11.641      0.208      0.347    156.670
 20170825   14.000     10.129      1.322     11.452      0.956      0.366    132.670
 20170825   14.250      9.290      1.515     10.805      1.115      0.400    118.670
 20170825   14.500      8.556      1.463     10.019      1.024      0.440     87.330
 20170825   14.750      7.916      0.870      8.786      0.398      0.472    102.670
 20170825   15.000      7.359      0.746      8.105      0.250      0.497    121.000
 20170825   15.250      6.872      1.132      8.004      0.622      0.509    107.330
 20170825   15.500      6.446      0.973      7.419      0.458      0.515     99.000
 20170825   15.750      6.068      0.389      6.458     -0.123      0.512    118.330
 20170825   16.000      5.728      0.474      6.202     -0.027      0.501    123.330
 20170825   16.250      5.413      0.927      6.340      0.445      0.482     88.670
 20170825   16.500      5.112     -0.296      4.816     -0.751      0.455    129.000
 20170825   16.750      4.813     -0.994      3.820     -1.413      0.419    210.330
 20170825   17.000      4.506      0.782      5.289      0.424      0.358    200.000
 20170825   17.250      5.201      0.292      5.493      0.007      0.285    198.330
 20170825   17.500      5.046      0.407      5.453      0.189      0.219    172.670
 20170825   17.750      4.881      0.196      5.077      0.035      0.161    160.000
 20170825   18.000      4.703      0.609      5.312      0.517      0.093    127.670
 20170825   18.250      4.509      0.260      4.769      0.245      0.015    119.670
 20170825   18.500      4.295      1.706      6.001      1.744     -0.038     72.670
 20170825   18.750      4.059      1.747      5.807      1.816     -0.068     38.670
 20170825   19.000      3.798      1.259      5.058      1.347     -0.088     38.670
 20170825   19.250      3.508      1.006      4.514      1.115     -0.109     34.670
 20170825   19.500      3.187      0.188      3.375      0.311     -0.123     41.670
 20170825   19.750      2.830      0.243      3.073      0.368     -0.125     41.000
 20170825   20.000      2.436      0.303      2.739      0.436     -0.133     37.000
 20170825   20.250      2.000     -0.458      1.542     -0.310     -0.148     50.670
 20170825   20.500      1.925     -0.779      1.146     -0.618     -0.161     55.670
 20170825   20.750      1.509     -4.225     -2.716     -4.053     -0.172    122.330
 20170825   21.000      1.105     -7.982     -6.877     -7.803     -0.179    216.330
 20170825   21.250     -0.962     -8.832     -9.794     -8.649     -0.183    251.000
 20170825   21.500     -3.081     -8.760    -11.841     -8.578     -0.182    303.670
 20170825   21.750     -5.100     -5.920    -11.020     -5.743     -0.177    323.000
 20170825   22.000     -8.128      0.785     -7.344      1.004     -0.220    204.670
 20170825   22.250    -10.063      3.672     -6.390      3.945     -0.273    161.330
 20170825   22.500    -11.425      6.809     -4.616      7.148     -0.339     88.670
 20170825   22.750    -12.149      4.651     -7.498      5.046     -0.395     48.000
 20170825   23.000    -13.667      1.827    -11.840      2.175     -0.348     95.000
 20170825   23.250    -14.249      0.753    -13.496      1.042     -0.289     81.330
 20170825   23.500    -14.576      0.849    -13.727      1.073     -0.224     42.330
 20170825   23.750    -14.660      1.250    -13.411      1.424     -0.175     29.330
 20170826    0.000    -14.894      0.661    -14.233      0.796     -0.135     35.670
 20170826    0.250    -14.799      0.017    -14.782      0.122     -0.106     38.330
 20170826    0.500    -14.616     -0.090    -14.705     -0.009     -0.081     33.670
 20170826    0.750    -14.363     -0.055    -14.418      0.005     -0.061     44.000
 20170826    1.000    -14.059     -0.012    -14.071      0.032     -0.044     38.330
 20170826    1.250    -13.722     -0.044    -13.766     -0.013     -0.031     39.330
 20170826    1.500    -13.368     -0.005    -13.373      0.015     -0.020     34.330
 20170826    1.750    -13.016     -0.007    -13.023      0.005     -0.013     33.670
 20170826    2.000    -12.683     -0.003    -12.685      0.004     -0.007     33.000
 20170826    2.250    -12.387     -0.003    -12.389      0.001     -0.004     32.670
 20170826    2.500    -12.145     -0.001    -12.146      0.001     -0.001     31.330
 20170826    2.750    -11.975     -0.000    -11.975      0.000     -0.000     31.670
 20170826    3.000    -11.895     -0.000    -11.895      0.000     -0.000     29.330
 20170826    3.250    -11.923      0.000    -11.923      0.000      0.000     35.330
 20170826    3.500    -12.059      0.000    -12.058      0.000      0.000     51.000
 20170826    3.750    -12.268      0.000    -12.268      0.000      0.000     57.330
 20170826    4.000    -12.512      0.003    -12.509      0.003      0.000     71.670
 20170826    4.250    -12.749      0.006    -12.743      0.006      0.000     61.000
 20170826    4.500    -12.940      0.015    -12.924      0.015      0.000     57.000
 20170826    4.750    -13.045      0.062    -12.982      0.062      0.000     80.000
 20170826    5.000    -13.024      0.047    -12.976      0.047      0.000     76.670
 20170826    5.250    -12.837      0.036    -12.801      0.036      0.000     82.000
 20170826    5.500    -12.444      0.142    -12.302      0.142      0.000    104.000
 20170826    5.750    -11.806      0.042    -11.763      0.042      0.000    101.000
 20170826    6.000    -14.091      0.371    -13.720      0.371      0.000    144.330
 20170826    6.250    -13.785      0.981    -12.804      0.981      0.000    227.000
 20170826    6.500    -13.299      0.211    -13.087      0.211      0.000    189.330
 20170826    6.750    -12.622      1.027    -11.594      1.027      0.000    192.330
 20170826    7.000    -11.743      2.257     -9.486      2.256      0.001    205.000
 20170826    7.250    -10.651      1.066     -9.585      1.059      0.007    167.330
 20170826    7.500     -9.337      0.990     -8.346      0.980      0.011    117.330
 20170826    7.750     -7.787      0.476     -7.311      0.462      0.014     81.000
 20170826    8.000     -8.687     -1.758    -10.445     -1.775      0.017     60.000
 20170826    8.250     -7.717     -1.725     -9.441     -1.741      0.016     52.000
 20170826    8.500     -6.622     -2.237     -8.859     -2.249      0.012     61.000
 20170826    8.750     -4.226     -2.973     -7.199     -2.981      0.008     65.330
 20170826    9.000     -1.536     -2.419     -3.956     -2.423      0.004     62.330
 20170826    9.250      1.156     -1.173     -0.018     -1.173      0.000     57.670
 20170826    9.500      5.704     -0.198      5.506     -0.196     -0.003     63.330
 20170826    9.750      9.468     -0.101      9.367     -0.096     -0.005     51.000
 20170826   10.000     13.030      0.143     13.173      0.148     -0.006     51.670
 20170826   10.250     16.137      0.143     16.280      0.149     -0.006     55.000
 20170826   10.500     18.793     -0.226     18.567     -0.221     -0.005     60.330
 20170826   10.750     20.549     -0.274     20.275     -0.271     -0.003     54.330
 20170826   11.000     21.579     -0.050     21.529     -0.049     -0.001     51.330
 20170826   11.250     21.970      0.035     22.005      0.032      0.002     50.330
 20170826   11.500     21.811      0.085     21.896      0.078      0.007     50.670
 20170826   11.750     21.188      0.012     21.200     -0.000      0.012     49.330
 20170826   12.000     20.189     -0.019     20.170     -0.038      0.018     51.670
 20170826   12.250     18.901     -0.072     18.829     -0.096      0.024     52.670
 20170826   12.500     17.413     -0.047     17.366     -0.069      0.022     52.670
 20170826   12.750     15.810     -0.021     15.789     -0.042      0.021     63.330
 20170826   13.000     14.181     -0.118     14.063     -0.135      0.017     72.670
 20170826   13.250     13.273     -0.405     12.868     -0.411      0.006    112.330
 20170826   13.500     12.017     -0.284     11.733     -0.284      0.000     86.670
 20170826   13.750     10.908     -0.164     10.745     -0.164      0.000     89.670
 20170826   14.000      9.935      0.042      9.977      0.042      0.000     96.670
 20170826   14.250      9.086     -0.039      9.047     -0.039      0.000     81.000
 20170826   14.500      8.347      0.258      8.605      0.258      0.000     53.670
 20170826   14.750      7.708      0.028      7.736      0.028      0.000     69.000
 20170826   15.000      7.156     -0.744      6.411     -0.744      0.000    150.000
 20170826   15.250      6.678     -2.220      4.458     -2.220      0.000    290.000
 20170826   15.500      6.264      0.400      6.664      0.400      0.000    194.330
 20170826   15.750      5.901      0.971      6.872      0.971      0.000     91.670
 20170826   16.000      5.576     -0.423      5.153     -0.430      0.007     60.330
 20170826   16.250      5.278     -0.351      4.927     -0.408      0.057     40.670
 20170826   16.500      4.995      0.020      5.015     -0.053      0.072     36.330
 20170826   16.750      4.714      0.128      4.842      0.061      0.067     59.000
 20170826   17.000      4.424      1.384      5.808      1.325      0.060     51.330
 20170826   17.250      4.988      1.106      6.094      1.055      0.051     31.330
 20170826   17.500      4.817     -0.484      4.333     -0.526      0.042     61.000
 20170826   17.750      4.634     -0.191      4.442     -0.222      0.030     72.330
 20170826   18.000      4.435     -0.714      3.721     -0.732      0.018    101.670
 20170826   18.250      4.221      1.003      5.224      0.999      0.003     56.000
 20170826   18.500      3.988      0.274      4.263      0.287     -0.012     48.330
 20170826   18.750      3.737      0.012      3.749      0.040     -0.029     58.670
 20170826   19.000      3.465      0.080      3.545      0.125     -0.046     51.670
 20170826   19.250      3.170     -0.835      2.335     -0.773     -0.063     72.000
 20170826   19.500      2.852     -3.492     -0.640     -3.413     -0.080    151.000
 20170826   19.750      2.509     -1.106      1.403     -1.011     -0.096    119.670
 20170826   20.000      2.139     -4.514     -2.374     -4.403     -0.111    183.330
 20170826   20.250      1.742     -1.667      0.075     -1.543     -0.124    180.330
 20170826   20.500      1.568     -1.408      0.160     -1.261     -0.147    152.330
 20170826   20.750      1.183      4.059      5.242      4.216     -0.157     75.000
 20170826   21.000      0.822      4.022      4.845      4.218     -0.196     63.330
 20170826   21.250     -1.316      3.671      2.355      3.889     -0.219     61.000
 20170826   21.500     -3.506      1.661     -1.844      1.793     -0.132     42.670
 20170826   21.750     -5.595      1.169     -4.426      1.258     -0.089     51.670
 20170826   22.000     -8.651     -0.569     -9.220     -0.483     -0.086     89.000
 20170826   22.250    -10.542      0.333    -10.208      0.414     -0.080     52.670
 20170826   22.500    -11.812     -0.014    -11.826      0.060     -0.074     53.670
 20170826   22.750    -12.426      0.474    -11.951      0.541     -0.067     66.670
 20170826   23.000    -13.857      0.128    -13.729      0.188     -0.060     48.330
 20170826   23.250    -14.380      0.271    -14.110      0.322     -0.052     39.000
 20170826   23.500    -14.676      0.573    -14.103      0.616     -0.044     34.330
 20170826   23.750    -14.750      0.301    -14.449      0.337     -0.036     35.000
