2017 213  0  75.7
2017 214  0  76.6
2017 215  0  77.3
2017 216  0  76.3
2017 217  0  76.3
2017 218  0  75.6
2017 219  0  74.8
2017 220  0  73.0
2017 221  0  73.4
2017 222  0  73.0
2017 223  0  71.7
2017 224  0  72.2
2017 225  0  70.0
2017 226  0  74.9
2017 227  0  76.1
2017 228  0  79.2
2017 229  0  78.5
2017 230  0  82.0
2017 231  0  88.9
2017 232  0  88.0
2017 233  0  89.1
2017 234  0  92.3
2017 235  0  87.0
2017 236  0  80.5
2017 237  0  82.5
2017 238  0  79.2
2017 239  0  79.8
2017 240  0  83.2
2017 241  0  85.9
2017 242  0  88.6
2017 243  0  93.6