20170814   0.00 138.33
20170814   0.25 170.00
20170814   0.50 290.00
20170814   0.75 416.00
20170814   1.00 341.33
20170814   1.25 274.33
20170814   1.50 254.00
20170814   1.75 212.00
20170814   2.00 209.33
20170814   2.25 130.33
20170814   2.50  89.00
20170814   2.75  61.67
20170814   3.00  56.00
20170814   3.25  43.00
20170814   3.50  29.33
20170814   3.75  26.33
20170814   4.00  29.33
20170814   4.25  34.00
20170814   4.50  35.33
20170814   4.75  76.00
20170814   5.00  79.67
20170814   5.25  64.33
20170814   5.50  55.67
20170814   5.75  51.00
20170814   6.00  43.67
20170814   6.25  29.33
20170814   6.50  30.00
20170814   6.75  27.00
20170814   7.00  30.33
20170814   7.25  31.00
20170814   7.50  33.00
20170814   7.75  33.67
20170814   8.00  37.00
20170814   8.25  37.00
20170814   8.50  35.33
20170814   8.75  39.00
20170814   9.00  48.00
20170814   9.25  43.00
20170814   9.50  44.67
20170814   9.75  45.67
20170814  10.00  62.33
20170814  10.25  70.00
20170814  10.50  44.33
20170814  10.75  46.67
20170814  11.00  89.00
20170814  11.25  69.33
20170814  11.50  59.00
20170814  11.75  88.67
20170814  12.00 225.67
20170814  12.25 278.33
20170814  12.50 285.00
20170814  12.75 435.33
20170814  13.00 362.00
20170814  13.25 276.67
20170814  13.50 150.33
20170814  13.75  93.67
20170814  14.00  56.67
20170814  14.25  50.67
20170814  14.50  49.33
20170814  14.75 110.00
20170814  15.00 169.33
20170814  15.25 166.00
20170814  15.50 157.33
20170814  15.75 146.00
20170814  16.00 130.00
20170814  16.25  77.33
20170814  16.50  63.67
20170814  16.75  53.67
20170814  17.00  57.67
20170814  17.25  82.00
20170814  17.50 108.33
20170814  17.75 179.33
20170814  18.00 181.67
20170814  18.25 173.67
20170814  18.50 183.00
20170814  18.75 185.33
20170814  19.00 161.00
20170814  19.25 126.33
20170814  19.50 129.00
20170814  19.75  94.33
20170814  20.00  53.67
20170814  20.25  35.67
20170814  20.50  46.00
20170814  20.75  87.00
20170814  21.00  64.67
20170814  21.25  60.33
20170814  21.50  61.00
20170814  21.75  64.00
20170814  22.00  60.00
20170814  22.25  55.00
20170814  22.50  43.00
20170814  22.75  49.00
20170814  23.00  59.67
20170814  23.25  67.33
20170814  23.50  78.67
20170814  23.75  68.33
20170815   0.00  68.33
20170815   0.25  60.33
20170815   0.50  58.00
20170815   0.75  61.00
20170815   1.00  66.67
20170815   1.25  62.33
20170815   1.50  62.00
20170815   1.75  61.33
20170815   2.00  73.33
20170815   2.25  76.00
20170815   2.50  73.67
20170815   2.75  91.00
20170815   3.00  85.67
20170815   3.25  74.00
20170815   3.50  89.33
20170815   3.75 100.67
20170815   4.00  94.67
20170815   4.25  78.00
20170815   4.50  70.67
20170815   4.75  75.33
20170815   5.00 119.33
20170815   5.25 178.33
20170815   5.50 123.67
20170815   5.75 108.67
20170815   6.00 102.67
20170815   6.25 105.00
20170815   6.50  73.33
20170815   6.75  57.33
20170815   7.00  59.00
20170815   7.25  64.00
20170815   7.50  60.67
20170815   7.75  58.33
20170815   8.00  58.33
20170815   8.25  58.33
20170815   8.50  59.33
20170815   8.75  70.33
20170815   9.00  76.00
20170815   9.25  75.00
20170815   9.50  59.33
20170815   9.75  47.33
20170815  10.00  38.33
20170815  10.25  38.33
20170815  10.50  38.67
20170815  10.75  41.00
20170815  11.00  59.67
20170815  11.25  47.67
20170815  11.50  50.00
20170815  11.75  48.00
20170815  12.00  49.33
20170815  12.25  52.67
20170815  12.50  63.00
20170815  12.75  62.67
20170815  13.00  62.00
20170815  13.25  68.00
20170815  13.50  70.00
20170815  13.75  72.33
20170815  14.00  79.00
20170815  14.25  66.33
20170815  14.50  66.67
20170815  14.75  86.00
20170815  15.00  73.00
20170815  15.25  69.33
20170815  15.50  66.33
20170815  15.75  47.67
20170815  16.00  49.67
20170815  16.25  47.00
20170815  16.50  37.33
20170815  16.75  35.67
20170815  17.00  31.00
20170815  17.25  29.33
20170815  17.50  30.33
20170815  17.75  35.67
20170815  18.00  28.67
20170815  18.25  24.33
20170815  18.50  28.33
20170815  18.75  39.00
20170815  19.00  43.67
20170815  19.25  35.33
20170815  19.50  29.00
20170815  19.75  40.33
20170815  20.00  57.33
20170815  20.25  34.67
20170815  20.50  36.67
20170815  20.75  49.33
20170815  21.00  86.67
20170815  21.25  43.67
20170815  21.50  37.33
20170815  21.75  46.33
20170815  22.00  36.67
20170815  22.25  39.33
20170815  22.50  38.33
20170815  22.75  41.67
20170815  23.00  48.00
20170815  23.25  67.67
20170815  23.50  95.00
20170815  23.75 100.33
20170816   0.00  74.67
20170816   0.25  68.00
20170816   0.50  63.67
20170816   0.75  60.67
20170816   1.00  46.33
20170816   1.25  51.33
20170816   1.50  56.67
20170816   1.75  60.00
20170816   2.00  66.00
20170816   2.25  59.00
20170816   2.50  71.33
20170816   2.75  61.67
20170816   3.00  46.00
20170816   3.25  42.33
20170816   3.50  41.67
20170816   3.75  38.33
20170816   4.00  33.33
20170816   4.25  33.33
20170816   4.50  31.00
20170816   4.75  29.00
20170816   5.00  42.67
20170816   5.25  39.33
20170816   5.50  58.00
20170816   5.75  81.00
20170816   6.00 132.67
20170816   6.25 281.33
20170816   6.50 257.67
20170816   6.75 205.00
20170816   7.00 271.33
20170816   7.25 231.00
20170816   7.50 270.67
20170816   7.75 249.67
20170816   8.00 231.67
20170816   8.25 162.00
20170816   8.50 162.33
20170816   8.75 147.33
20170816   9.00 117.67
20170816   9.25  84.00
20170816   9.50  96.67
20170816   9.75 108.67
20170816  10.00  93.67
20170816  10.25 118.33
20170816  10.50 189.67
20170816  10.75 223.00
20170816  11.00 192.67
20170816  11.25 185.33
20170816  11.50 167.00
20170816  11.75 192.67
20170816  12.00 185.00
20170816  12.25 170.67
20170816  12.50 173.67
20170816  12.75 155.33
20170816  13.00  91.67
20170816  13.25  61.33
20170816  13.50  52.33
20170816  13.75  43.67
20170816  14.00  45.67
20170816  14.25  62.00
20170816  14.50  65.33
20170816  14.75  73.33
20170816  15.00  78.33
20170816  15.25  91.67
20170816  15.50 107.33
20170816  15.75 119.67
20170816  16.00 128.67
20170816  16.25 101.67
20170816  16.50 121.00
20170816  16.75 144.67
20170816  17.00 136.33
20170816  17.25 157.67
20170816  17.50 219.33
20170816  17.75 212.00
20170816  18.00 219.00
20170816  18.25 199.00
20170816  18.50 167.67
20170816  18.75 195.33
20170816  19.00 256.33
20170816  19.25 263.67
20170816  19.50 293.33
20170816  19.75 316.33
20170816  20.00 345.67
20170816  20.25 332.00
20170816  20.50 245.33
20170816  20.75 163.00
20170816  21.00 165.00
20170816  21.25 145.67
20170816  21.50 132.33
20170816  21.75 150.00
20170816  22.00 179.67
20170816  22.25 222.67
20170816  22.50 186.67
20170816  22.75 151.00
20170816  23.00 155.00
20170816  23.25 213.00
20170816  23.50 372.00
20170816  23.75 295.00
20170817   0.00 404.67
20170817   0.25 560.33
20170817   0.50 536.33
20170817   0.75 347.00
20170817   1.00 249.33
20170817   1.25 188.33
20170817   1.50 131.33
20170817   1.75  93.33
20170817   2.00  62.00
20170817   2.25  69.67
20170817   2.50  67.00
20170817   2.75  64.33
20170817   3.00  68.33
20170817   3.25 112.33
20170817   3.50 143.67
20170817   3.75 139.00
20170817   4.00  74.33
20170817   4.25  86.00
20170817   4.50 194.00
20170817   4.75 216.33
20170817   5.00 254.00
20170817   5.25 146.33
20170817   5.50 125.33
20170817   5.75 134.67
20170817   6.00  74.33
20170817   6.25  54.00
20170817   6.50  53.67
20170817   6.75  51.67
20170817   7.00 140.00
20170817   7.25 178.67
20170817   7.50 254.33
20170817   7.75 461.33
20170817   8.00 943.00
20170817   8.25 1154.00
20170817   8.50 624.00
20170817   8.75 416.67
20170817   9.00 494.33
20170817   9.25 787.00
20170817   9.50 711.33
20170817   9.75 516.67
20170817  10.00 503.00
20170817  10.25 479.67
20170817  10.50 452.33
20170817  10.75 462.67
20170817  11.00 571.33
20170817  11.25 572.00
20170817  11.50 714.67
20170817  11.75 1067.33
20170817  12.00 1464.33
20170817  12.25 918.00
20170817  12.50 751.67
20170817  12.75 649.00
20170817  13.00 531.00
20170817  13.25 452.67
20170817  13.50 551.67
20170817  13.75 806.67
20170817  14.00 851.67
20170817  14.25 776.33
20170817  14.50 738.00
20170817  14.75 530.67
20170817  15.00 403.00
20170817  15.25 377.67
20170817  15.50 299.33
20170817  15.75 330.33
20170817  16.00 264.67
20170817  16.25 225.00
20170817  16.50 169.67
20170817  16.75 173.33
20170817  17.00 220.00
20170817  17.25 363.00
20170817  17.50 451.67
20170817  17.75 604.67
20170817  18.00 676.67
20170817  18.25 746.00
20170817  18.50 512.67
20170817  18.75 419.00
20170817  19.00 401.33
20170817  19.25 323.33
20170817  19.50 252.33
20170817  19.75 195.67
20170817  20.00 211.00
20170817  20.25 186.33
20170817  20.50 153.67
20170817  20.75  80.33
20170817  21.00  99.33
20170817  21.25  98.00
20170817  21.50 115.00
20170817  21.75 123.33
20170817  22.00 218.00
20170817  22.25 300.33
20170817  22.50 387.00
20170817  22.75 677.33
20170817  23.00 416.33
20170817  23.25 366.00
20170817  23.50 274.67
20170817  23.75 256.33
20170818   0.00 260.67
20170818   0.25 314.00
20170818   0.50 218.33
20170818   0.75 159.67
20170818   1.00 249.00
20170818   1.25 377.33
20170818   1.50 568.33
20170818   1.75 798.00
20170818   2.00 707.67
20170818   2.25 396.00
20170818   2.50 293.00
20170818   2.75 281.67
20170818   3.00 464.67
20170818   3.25 545.67
20170818   3.50 410.67
20170818   3.75 220.67
20170818   4.00 207.67
20170818   4.25 181.67
20170818   4.50 159.00
20170818   4.75 143.33
20170818   5.00  99.00
20170818   5.25 105.00
20170818   5.50  89.00
20170818   5.75  77.00
20170818   6.00 139.00
20170818   6.25 177.00
20170818   6.50 143.67
20170818   6.75 198.33
20170818   7.00 221.33
20170818   7.25 167.67
20170818   7.50 182.67
20170818   7.75 145.00
20170818   8.00 112.00
20170818   8.25 182.33
20170818   8.50 211.67
20170818   8.75 212.00
20170818   9.00 555.67
20170818   9.25 572.33
20170818   9.50 433.67
20170818   9.75 308.67
20170818  10.00 391.33
20170818  10.25 240.33
20170818  10.50 165.33
20170818  10.75 110.33
20170818  11.00 125.67
20170818  11.25 105.67
20170818  11.50  74.33
20170818  11.75 101.00
20170818  12.00 341.00
20170818  12.25 469.33
20170818  12.50 523.67
20170818  12.75 513.67
20170818  13.00 577.67
20170818  13.25 772.33
20170818  13.50 796.00
20170818  13.75 892.67
20170818  14.00 1042.33
20170818  14.25 774.00
20170818  14.50 577.00
20170818  14.75 589.00
20170818  15.00 465.00
20170818  15.25 385.00
20170818  15.50 193.00
20170818  15.75 157.33
20170818  16.00 155.33
20170818  16.25 135.67
20170818  16.50 145.67
20170818  16.75 242.00
20170818  17.00 330.00
20170818  17.25 392.33
20170818  17.50 396.67
20170818  17.75 563.00
20170818  18.00 971.00
20170818  18.25 1348.00
20170818  18.50 1253.00
20170818  18.75 788.00
20170818  19.00 787.33
20170818  19.25 808.00
20170818  19.50 751.00
20170818  19.75 590.00
20170818  20.00 410.67
20170818  20.25 254.33
20170818  20.50 239.67
20170818  20.75 225.00
20170818  21.00 399.67
20170818  21.25 328.33
20170818  21.50 161.00
20170818  21.75 322.00
20170818  22.00 325.67
20170818  22.25 233.33
20170818  22.50 228.67
20170818  22.75 191.00
20170818  23.00 241.00
20170818  23.25 327.33
20170818  23.50 268.33
20170818  23.75 249.67
20170819   0.00 254.33
20170819   0.25 288.67
20170819   0.50 466.33
20170819   0.75 777.33
20170819   1.00 909.67
20170819   1.25 983.00
20170819   1.50 927.00
20170819   1.75 823.33
20170819   2.00 628.33
20170819   2.25 569.00
20170819   2.50 400.33
20170819   2.75 479.67
20170819   3.00 378.00
20170819   3.25 284.00
20170819   3.50 224.67
20170819   3.75 126.00
20170819   4.00  90.67
20170819   4.25  80.00
20170819   4.50 146.33
20170819   4.75 401.33
20170819   5.00 400.00
20170819   5.25 342.33
20170819   5.50 410.67
20170819   5.75 676.67
20170819   6.00 845.33
20170819   6.25 997.00
20170819   6.50 822.00
20170819   6.75 597.00
20170819   7.00 397.33
20170819   7.25 413.33
20170819   7.50 528.00
20170819   7.75 804.33
20170819   8.00 989.67
20170819   8.25 850.67
20170819   8.50 955.33
20170819   8.75 928.67
20170819   9.00 787.00
20170819   9.25 493.67
20170819   9.50 362.67
20170819   9.75 259.33
20170819  10.00 146.33
20170819  10.25 138.00
20170819  10.50 141.33
20170819  10.75 225.67
20170819  11.00 348.67
20170819  11.25 466.33
20170819  11.50 503.33
20170819  11.75 584.00
20170819  12.00 778.00
20170819  12.25 820.00
20170819  12.50 508.67
20170819  12.75 440.00
20170819  13.00 364.33
20170819  13.25 340.67
20170819  13.50 299.33
20170819  13.75 267.33
20170819  14.00 268.33
20170819  14.25 188.67
20170819  14.50 158.33
20170819  14.75 174.00
20170819  15.00 298.33
20170819  15.25 413.33
20170819  15.50 423.00
20170819  15.75 564.67
20170819  16.00 1041.00
20170819  16.25 837.67
20170819  16.50 810.33
20170819  16.75 641.00
20170819  17.00 465.00
20170819  17.25 303.00
20170819  17.50 299.33
20170819  17.75 309.00
20170819  18.00 393.00
20170819  18.25 392.33
20170819  18.50 372.33
20170819  18.75 295.00
20170819  19.00 224.67
20170819  19.25 231.00
20170819  19.50 239.33
20170819  19.75 210.33
20170819  20.00 215.33
20170819  20.25 269.33
20170819  20.50 303.33
20170819  20.75 437.00
20170819  21.00 646.33
20170819  21.25 672.33
20170819  21.50 726.00
20170819  21.75 806.67
20170819  22.00 863.00
20170819  22.25 625.67
20170819  22.50 560.67
20170819  22.75 544.33
20170819  23.00 579.33
20170819  23.25 592.00
20170819  23.50 680.67
20170819  23.75 744.33
20170820   0.00 752.00
20170820   0.25 668.33
20170820   0.50 628.33
20170820   0.75 617.33
20170820   1.00 753.33
20170820   1.25 731.33
20170820   1.50 833.33
20170820   1.75 957.00
20170820   2.00 910.00
20170820   2.25 654.67
20170820   2.50 755.33
20170820   2.75 798.33
20170820   3.00 886.67
20170820   3.25 1146.00
20170820   3.50 1283.67
20170820   3.75 1118.33
20170820   4.00 933.00
20170820   4.25 680.67
20170820   4.50 554.00
20170820   4.75 533.33
20170820   5.00 525.00
20170820   5.25 623.33
20170820   5.50 336.67
20170820   5.75 312.00
20170820   6.00 303.67
20170820   6.25 327.67
20170820   6.50 372.00
20170820   6.75 363.00
20170820   7.00 327.67
20170820   7.25 331.67
20170820   7.50 599.00
20170820   7.75 496.00
20170820   8.00 385.67
20170820   8.25 402.67
20170820   8.50 648.33
20170820   8.75 631.67
20170820   9.00 703.67
20170820   9.25 580.33
20170820   9.50 385.00
20170820   9.75 355.00
20170820  10.00 416.00
20170820  10.25 466.33
20170820  10.50 334.67
20170820  10.75 302.33
20170820  11.00 269.67
20170820  11.25 159.00
20170820  11.50 137.33
20170820  11.75 120.67
20170820  12.00 111.67
20170820  12.25 221.33
20170820  12.50 188.67
20170820  12.75 201.67
20170820  13.00 124.33
20170820  13.25  91.67
20170820  13.50  62.00
20170820  13.75  65.00
20170820  14.00  72.67
20170820  14.25  66.67
20170820  14.50  98.00
20170820  14.75 163.00
20170820  15.00 348.33
20170820  15.25 266.67
20170820  15.50 295.00
20170820  15.75 370.67
20170820  16.00 345.33
20170820  16.25 325.00
20170820  16.50 307.67
20170820  16.75 327.33
20170820  17.00 566.00
20170820  17.25 543.67
20170820  17.50 661.33
20170820  17.75 579.00
20170820  18.00 433.33
20170820  18.25 467.67
20170820  18.50 472.33
20170820  18.75 381.67
20170820  19.00 343.33
20170820  19.25 290.00
20170820  19.50 227.67
20170820  19.75 332.00
20170820  20.00 345.67
20170820  20.25 231.67
20170820  20.50 303.33
20170820  20.75 300.00
20170820  21.00 284.67
20170820  21.25 310.33
20170820  21.50 355.67
20170820  21.75 372.67
20170820  22.00 532.67
20170820  22.25 340.67
20170820  22.50 301.67
20170820  22.75 370.33
20170820  23.00 388.67
20170820  23.25 427.00
20170820  23.50 318.00
20170820  23.75 264.67
20170821   0.00 189.33
20170821   0.25 178.33
20170821   0.50 213.00
20170821   0.75 299.67
20170821   1.00 276.67
20170821   1.25 283.67
20170821   1.50 341.33
20170821   1.75 257.67
20170821   2.00 205.33
20170821   2.25 292.33
20170821   2.50 418.00
20170821   2.75 423.33
20170821   3.00 374.00
20170821   3.25 293.67
20170821   3.50 243.67
20170821   3.75 226.67
20170821   4.00 232.33
20170821   4.25 350.67
20170821   4.50 363.33
20170821   4.75 362.33
20170821   5.00 274.00
20170821   5.25 335.33
20170821   5.50 261.00
20170821   5.75 227.33
20170821   6.00 226.00
20170821   6.25 308.33
20170821   6.50 259.33
20170821   6.75 172.00
20170821   7.00 183.33
20170821   7.25 221.33
20170821   7.50 190.67
20170821   7.75 165.67
20170821   8.00 267.33
20170821   8.25 416.33
20170821   8.50 649.67
20170821   8.75 809.00
20170821   9.00 680.67
20170821   9.25 472.00
20170821   9.50 404.00
20170821   9.75 356.00
20170821  10.00 236.00
20170821  10.25 187.33
20170821  10.50 119.33
20170821  10.75  78.67
20170821  11.00  58.00
20170821  11.25  70.67
20170821  11.50  59.33
20170821  11.75  51.00
20170821  12.00  64.33
20170821  12.25 115.00
20170821  12.50 138.33
20170821  12.75 130.00
20170821  13.00  70.00
20170821  13.25  44.67
20170821  13.50  49.33
20170821  13.75  59.67
20170821  14.00  42.67
20170821  14.25  33.33
20170821  14.50  31.67
20170821  14.75  33.00
20170821  15.00  35.67
20170821  15.25  37.00
20170821  15.50  39.33
20170821  15.75  39.00
20170821  16.00  43.33
20170821  16.25  56.33
20170821  16.50  74.33
20170821  16.75 100.67
20170821  17.00 124.00
20170821  17.25 128.33
20170821  17.50 178.33
20170821  17.75 439.67
20170821  18.00 352.67
20170821  18.25 212.00
20170821  18.50 316.33
20170821  18.75 206.00
20170821  19.00 135.00
20170821  19.25 110.67
20170821  19.50 111.00
20170821  19.75  88.33
20170821  20.00  69.33
20170821  20.25  69.67
20170821  20.50  69.33
20170821  20.75 142.00
20170821  21.00 261.00
20170821  21.25 300.00
20170821  21.50 391.00
20170821  21.75 412.00
20170821  22.00 321.00
20170821  22.25 302.67
20170821  22.50 198.67
20170821  22.75 141.00
20170821  23.00 111.00
20170821  23.25 162.33
20170821  23.50 317.67
20170821  23.75 221.67
20170822   0.00 241.00
20170822   0.25 423.00
20170822   0.50 688.67
20170822   0.75 831.00
20170822   1.00 791.67
20170822   1.25 553.00
20170822   1.50 521.67
20170822   1.75 575.33
20170822   2.00 636.33
20170822   2.25 624.67
20170822   2.50 1061.67
20170822   2.75 1626.00
20170822   3.00 1140.67
20170822   3.25 766.33
20170822   3.50 562.33
20170822   3.75 582.00
20170822   4.00 486.00
20170822   4.25 460.33
20170822   4.50 596.67
20170822   4.75 618.00
20170822   5.00 635.67
20170822   5.25 640.00
20170822   5.50 673.00
20170822   5.75 561.00
20170822   6.00 384.67
20170822   6.25 301.00
20170822   6.50 256.67
20170822   6.75 205.00
20170822   7.00 342.67
20170822   7.25 426.00
20170822   7.50 212.00
20170822   7.75 143.00
20170822   8.00 196.33
20170822   8.25 224.33
20170822   8.50 211.00
20170822   8.75 137.33
20170822   9.00  90.00
20170822   9.25 129.67
20170822   9.50 178.00
20170822   9.75 237.33
20170822  10.00 219.33
20170822  10.25 204.00
20170822  10.50 220.33
20170822  10.75 131.67
20170822  11.00 199.33
20170822  11.25 232.00
20170822  11.50 316.33
20170822  11.75 531.00
20170822  12.00 611.33
20170822  12.25 600.00
20170822  12.50 462.67
20170822  12.75 426.67
20170822  13.00 357.33
20170822  13.25 514.00
20170822  13.50 411.33
20170822  13.75 361.67
20170822  14.00 282.33
20170822  14.25 298.67
20170822  14.50 312.00
20170822  14.75 196.33
20170822  15.00 176.00
20170822  15.25 155.00
20170822  15.50 122.33
20170822  15.75 197.67
20170822  16.00 262.33
20170822  16.25 338.67
20170822  16.50 311.33
20170822  16.75 244.67
20170822  17.00 167.33
20170822  17.25 141.67
20170822  17.50 173.67
20170822  17.75 156.67
20170822  18.00 139.33
20170822  18.25 117.33
20170822  18.50  89.33
20170822  18.75  72.33
20170822  19.00  74.33
20170822  19.25  77.67
20170822  19.50  65.67
20170822  19.75  79.33
20170822  20.00  87.67
20170822  20.25 109.67
20170822  20.50 183.33
20170822  20.75 388.67
20170822  21.00 538.33
20170822  21.25 566.33
20170822  21.50 800.67
20170822  21.75 726.33
20170822  22.00 692.00
20170822  22.25 794.33
20170822  22.50 730.67
20170822  22.75 675.67
20170822  23.00 632.67
20170822  23.25 675.00
20170822  23.50 538.00
20170822  23.75 284.67
20170823   0.00 230.00
20170823   0.25 277.67
20170823   0.50 378.33
20170823   0.75 329.67
20170823   1.00 439.67
20170823   1.25 483.33
20170823   1.50 504.67
20170823   1.75 531.67
20170823   2.00 501.67
20170823   2.25 530.00
20170823   2.50 452.00
20170823   2.75 603.00
20170823   3.00 786.00
20170823   3.25 763.33
20170823   3.50 471.00
20170823   3.75 440.00
20170823   4.00 466.33
20170823   4.25 433.00
20170823   4.50 455.33
20170823   4.75 541.67
20170823   5.00 561.33
20170823   5.25 579.33
20170823   5.50 514.67
20170823   5.75 462.33
20170823   6.00 373.00
20170823   6.25 249.67
20170823   6.50 372.33
20170823   6.75 503.33
20170823   7.00 517.33
20170823   7.25 395.00
20170823   7.50 489.33
20170823   7.75 523.67
20170823   8.00 661.33
20170823   8.25 751.33
20170823   8.50 861.67
20170823   8.75 774.33
20170823   9.00 633.33
20170823   9.25 617.33
20170823   9.50 651.00
20170823   9.75 526.00
20170823  10.00 489.33
20170823  10.25 414.00
20170823  10.50 409.67
20170823  10.75 422.00
20170823  11.00 371.33
20170823  11.25 420.67
20170823  11.50 521.00
20170823  11.75 490.00
20170823  12.00 603.67
20170823  12.25 613.33
20170823  12.50 632.00
20170823  12.75 599.00
20170823  13.00 627.33
20170823  13.25 575.33
20170823  13.50 775.33
20170823  13.75 1062.67
20170823  14.00 1273.00
20170823  14.25 1233.33
20170823  14.50 841.67
20170823  14.75 860.33
20170823  15.00 776.00
20170823  15.25 833.00
20170823  15.50 986.33
20170823  15.75 934.00
20170823  16.00 876.67
20170823  16.25 957.00
20170823  16.50 925.33
20170823  16.75 781.67
20170823  17.00 759.33
20170823  17.25 749.00
20170823  17.50 946.67
20170823  17.75 1151.33
20170823  18.00 1127.33
20170823  18.25 997.00
20170823  18.50 832.00
20170823  18.75 614.67
20170823  19.00 489.33
20170823  19.25 314.00
20170823  19.50 164.00
20170823  19.75 138.00
20170823  20.00 173.67
20170823  20.25 146.33
20170823  20.50 118.00
20170823  20.75 117.67
20170823  21.00 141.33
20170823  21.25 245.33
20170823  21.50 329.67
20170823  21.75 358.67
20170823  22.00 386.33
20170823  22.25 384.00
20170823  22.50 471.33
20170823  22.75 535.00
20170823  23.00 453.67
20170823  23.25 422.67
20170823  23.50 387.00
20170823  23.75 347.67
20170824   0.00 382.00
20170824   0.25 390.67
20170824   0.50 364.33
20170824   0.75 349.33
20170824   1.00 295.33
20170824   1.25 257.67
20170824   1.50 262.67
20170824   1.75 239.67
20170824   2.00 437.67
20170824   2.25 564.33
20170824   2.50 410.33
20170824   2.75 384.67
20170824   3.00 339.67
20170824   3.25 372.33
20170824   3.50 448.00
20170824   3.75 413.33
20170824   4.00 414.67
20170824   4.25 491.00
20170824   4.50 528.67
20170824   4.75 492.00
20170824   5.00 463.33
20170824   5.25 614.67
20170824   5.50 605.33
20170824   5.75 625.33
20170824   6.00 501.67
20170824   6.25 492.00
20170824   6.50 492.00
20170824   6.75 369.33
20170824   7.00 412.67
20170824   7.25 501.67
20170824   7.50 505.33
20170824   7.75 433.33
20170824   8.00 309.00
20170824   8.25 506.33
20170824   8.50 596.33
20170824   8.75 658.67
20170824   9.00 422.33
20170824   9.25 422.67
20170824   9.50 339.67
20170824   9.75 296.67
20170824  10.00 280.00
20170824  10.25 244.33
20170824  10.50 294.00
20170824  10.75 321.67
20170824  11.00 292.00
20170824  11.25 377.67
20170824  11.50 444.67
20170824  11.75 625.33
20170824  12.00 600.33
20170824  12.25 591.67
20170824  12.50 605.33
20170824  12.75 693.33
20170824  13.00 426.00
20170824  13.25 397.00
20170824  13.50 346.00
20170824  13.75 274.00
20170824  14.00 204.33
20170824  14.25 216.67
20170824  14.50 247.67
20170824  14.75 283.67
20170824  15.00 369.67
20170824  15.25 296.67
20170824  15.50 169.67
20170824  15.75  72.00
20170824  16.00  54.33
20170824  16.25  57.33
20170824  16.50  46.00
20170824  16.75  55.00
20170824  17.00  56.00
20170824  17.25  50.00
20170824  17.50  46.33
20170824  17.75  52.00
20170824  18.00  58.33
20170824  18.25  60.00
20170824  18.50  59.67
20170824  18.75  46.00
20170824  19.00  38.67
20170824  19.25  25.33
20170824  19.50  28.33
20170824  19.75  20.33
20170824  20.00  22.33
20170824  20.25  20.67
20170824  20.50  23.33
20170824  20.75  31.33
20170824  21.00  33.67
20170824  21.25  31.67
20170824  21.50  42.33
20170824  21.75  45.00
20170824  22.00  44.33
20170824  22.25  42.67
20170824  22.50  49.67
20170824  22.75  43.67
20170824  23.00  54.33
20170824  23.25  56.00
20170824  23.50  61.00
20170824  23.75  72.67
20170825   0.00  60.00
20170825   0.25  58.67
20170825   0.50  71.00
20170825   0.75  84.00
20170825   1.00  64.33
20170825   1.25  62.00
20170825   1.50  66.00
20170825   1.75  66.00
20170825   2.00  64.00
20170825   2.25  61.33
20170825   2.50  68.33
20170825   2.75  71.67
20170825   3.00  69.67
20170825   3.25  66.00
20170825   3.50  66.33
20170825   3.75  64.33
20170825   4.00  55.67
20170825   4.25  55.67
20170825   4.50  60.33
20170825   4.75  65.67
20170825   5.00  71.67
20170825   5.25  70.33
20170825   5.50  62.33
20170825   5.75 119.67
20170825   6.00 132.67
20170825   6.25 117.00
20170825   6.50 204.00
20170825   6.75 189.67
20170825   7.00  96.67
20170825   7.25  74.67
20170825   7.50 164.00
20170825   7.75 160.33
20170825   8.00 104.67
20170825   8.25  64.00
20170825   8.50  78.33
20170825   8.75  74.33
20170825   9.00  56.33
20170825   9.25  68.00
20170825   9.50  58.00
20170825   9.75  58.33
20170825  10.00  66.33
20170825  10.25  85.67
20170825  10.50  68.00
20170825  10.75 198.33
20170825  11.00 238.33
20170825  11.25 199.67
20170825  11.50 201.67
20170825  11.75 211.00
20170825  12.00 406.33
20170825  12.25 477.00
20170825  12.50 348.00
20170825  12.75 242.00
20170825  13.00 175.67
20170825  13.25 180.00
20170825  13.50 186.00
20170825  13.75 156.67
20170825  14.00 132.67
20170825  14.25 118.67
20170825  14.50  87.33
20170825  14.75 102.67
20170825  15.00 121.00
20170825  15.25 107.33
20170825  15.50  99.00
20170825  15.75 118.33
20170825  16.00 123.33
20170825  16.25  88.67
20170825  16.50 129.00
20170825  16.75 210.33
20170825  17.00 200.00
20170825  17.25 198.33
20170825  17.50 172.67
20170825  17.75 160.00
20170825  18.00 127.67
20170825  18.25 119.67
20170825  18.50  72.67
20170825  18.75  38.67
20170825  19.00  38.67
20170825  19.25  34.67
20170825  19.50  41.67
20170825  19.75  41.00
20170825  20.00  37.00
20170825  20.25  50.67
20170825  20.50  55.67
20170825  20.75 122.33
20170825  21.00 216.33
20170825  21.25 251.00
20170825  21.50 303.67
20170825  21.75 323.00
20170825  22.00 204.67
20170825  22.25 161.33
20170825  22.50  88.67
20170825  22.75  48.00
20170825  23.00  95.00
20170825  23.25  81.33
20170825  23.50  42.33
20170825  23.75  29.33
20170826   0.00  35.67
20170826   0.25  38.33
20170826   0.50  33.67
20170826   0.75  44.00
20170826   1.00  38.33
20170826   1.25  39.33
20170826   1.50  34.33
20170826   1.75  33.67
20170826   2.00  33.00
20170826   2.25  32.67
20170826   2.50  31.33
20170826   2.75  31.67
20170826   3.00  29.33
20170826   3.25  35.33
20170826   3.50  51.00
20170826   3.75  57.33
20170826   4.00  71.67
20170826   4.25  61.00
20170826   4.50  57.00
20170826   4.75  80.00
20170826   5.00  76.67
20170826   5.25  82.00
20170826   5.50 104.00
20170826   5.75 101.00
20170826   6.00 144.33
20170826   6.25 227.00
20170826   6.50 189.33
20170826   6.75 192.33
20170826   7.00 205.00
20170826   7.25 167.33
20170826   7.50 117.33
20170826   7.75  81.00
20170826   8.00  60.00
20170826   8.25  52.00
20170826   8.50  61.00
20170826   8.75  65.33
20170826   9.00  62.33
20170826   9.25  57.67
20170826   9.50  63.33
20170826   9.75  51.00
20170826  10.00  51.67
20170826  10.25  55.00
20170826  10.50  60.33
20170826  10.75  54.33
20170826  11.00  51.33
20170826  11.25  50.33
20170826  11.50  50.67
20170826  11.75  49.33
20170826  12.00  51.67
20170826  12.25  52.67
20170826  12.50  52.67
20170826  12.75  63.33
20170826  13.00  72.67
20170826  13.25 112.33
20170826  13.50  86.67
20170826  13.75  89.67
20170826  14.00  96.67
20170826  14.25  81.00
20170826  14.50  53.67
20170826  14.75  69.00
20170826  15.00 150.00
20170826  15.25 290.00
20170826  15.50 194.33
20170826  15.75  91.67
20170826  16.00  60.33
20170826  16.25  40.67
20170826  16.50  36.33
20170826  16.75  59.00
20170826  17.00  51.33
20170826  17.25  31.33
20170826  17.50  61.00
20170826  17.75  72.33
20170826  18.00 101.67
20170826  18.25  56.00
20170826  18.50  48.33
20170826  18.75  58.67
20170826  19.00  51.67
20170826  19.25  72.00
20170826  19.50 151.00
20170826  19.75 119.67
20170826  20.00 183.33
20170826  20.25 180.33
20170826  20.50 152.33
20170826  20.75  75.00
20170826  21.00  63.33
20170826  21.25  61.00
20170826  21.50  42.67
20170826  21.75  51.67
20170826  22.00  89.00
20170826  22.25  52.67
20170826  22.50  53.67
20170826  22.75  66.67
20170826  23.00  48.33
20170826  23.25  39.00
20170826  23.50  34.33
20170826  23.75  35.00
