2017 226  0  0   138
2017 226  0  5   136
2017 226  0 10   141
2017 226  0 15   138
2017 226  0 20   165
2017 226  0 25   207
2017 226  0 30   229
2017 226  0 35   267
2017 226  0 40   374
2017 226  0 45   444
2017 226  0 50   407
2017 226  0 55   397
2017 226  1  0   355
2017 226  1  5   346
2017 226  1 10   323
2017 226  1 15   293
2017 226  1 20   280
2017 226  1 25   250
2017 226  1 30   247
2017 226  1 35   265
2017 226  1 40   250
2017 226  1 45   223
2017 226  1 50   204
2017 226  1 55   209
2017 226  2  0   213
2017 226  2  5   229
2017 226  2 10   186
2017 226  2 15   140
2017 226  2 20   133
2017 226  2 25   118
2017 226  2 30    94
2017 226  2 35    98
2017 226  2 40    75
2017 226  2 45    68
2017 226  2 50    61
2017 226  2 55    56
2017 226  3  0    53
2017 226  3  5    56
2017 226  3 10    59
2017 226  3 15    49
2017 226  3 20    44
2017 226  3 25    36
2017 226  3 30    28
2017 226  3 35    29
2017 226  3 40    31
2017 226  3 45    27
2017 226  3 50    27
2017 226  3 55    25
2017 226  4  0    28
2017 226  4  5    30
2017 226  4 10    30
2017 226  4 15    31
2017 226  4 20    35
2017 226  4 25    36
2017 226  4 30    36
2017 226  4 35    34
2017 226  4 40    36
2017 226  4 45    52
2017 226  4 50    80
2017 226  4 55    96
2017 226  5  0    96
2017 226  5  5    77
2017 226  5 10    66
2017 226  5 15    69
2017 226  5 20    67
2017 226  5 25    57
2017 226  5 30    50
2017 226  5 35    60
2017 226  5 40    57
2017 226  5 45    55
2017 226  5 50    50
2017 226  5 55    48
2017 226  6  0    42
2017 226  6  5    45
2017 226  6 10    44
2017 226  6 15    26
2017 226  6 20    25
2017 226  6 25    37
2017 226  6 30    26
2017 226  6 35    29
2017 226  6 40    35
2017 226  6 45    26
2017 226  6 50    29
2017 226  6 55    26
2017 226  7  0    31
2017 226  7  5    30
2017 226  7 10    30
2017 226  7 15    27
2017 226  7 20    29
2017 226  7 25    37
2017 226  7 30    32
2017 226  7 35    33
2017 226  7 40    34
2017 226  7 45    36
2017 226  7 50    31
2017 226  7 55    34
2017 226  8  0    35
2017 226  8  5    38
2017 226  8 10    38
2017 226  8 15    38
2017 226  8 20    35
2017 226  8 25    38
2017 226  8 30    36
2017 226  8 35    34
2017 226  8 40    36
2017 226  8 45    35
2017 226  8 50    38
2017 226  8 55    44
2017 226  9  0    49
2017 226  9  5    49
2017 226  9 10    46
2017 226  9 15    43
2017 226  9 20    42
2017 226  9 25    44
2017 226  9 30    45
2017 226  9 35    44
2017 226  9 40    45
2017 226  9 45    49
2017 226  9 50    45
2017 226  9 55    43
2017 226 10  0    68
2017 226 10  5    49
2017 226 10 10    70
2017 226 10 15    71
2017 226 10 20    72
2017 226 10 25    67
2017 226 10 30    45
2017 226 10 35    45
2017 226 10 40    43
2017 226 10 45    51
2017 226 10 50    47
2017 226 10 55    42
2017 226 11  0    80
2017 226 11  5   101
2017 226 11 10    86
2017 226 11 15    82
2017 226 11 20    66
2017 226 11 25    60
2017 226 11 30    59
2017 226 11 35    59
2017 226 11 40    59
2017 226 11 45    66
2017 226 11 50    88
2017 226 11 55   112
2017 226 12  0   191
2017 226 12  5   236
2017 226 12 10   250
2017 226 12 15   290
2017 226 12 20   273
2017 226 12 25   272
2017 226 12 30   262
2017 226 12 35   269
2017 226 12 40   324
2017 226 12 45   383
2017 226 12 50   457
2017 226 12 55   466
2017 226 13  0   409
2017 226 13  5   382
2017 226 13 10   295
2017 226 13 15   282
2017 226 13 20   273
2017 226 13 25   275
2017 226 13 30   205
2017 226 13 35   125
2017 226 13 40   121
2017 226 13 45   102
2017 226 13 50    96
2017 226 13 55    83
2017 226 14  0    67
2017 226 14  5    55
2017 226 14 10    48
2017 226 14 15    52
2017 226 14 20    54
2017 226 14 25    46
2017 226 14 30    42
2017 226 14 35    49
2017 226 14 40    57
2017 226 14 45    79
2017 226 14 50   107
2017 226 14 55   144
2017 226 15  0   169
2017 226 15  5   169
2017 226 15 10   170
2017 226 15 15   174
2017 226 15 20   177
2017 226 15 25   147
2017 226 15 30   145
2017 226 15 35   159
2017 226 15 40   168
2017 226 15 45   165
2017 226 15 50   146
2017 226 15 55   127
2017 226 16  0   140
2017 226 16  5   133
2017 226 16 10   117
2017 226 16 15    86
2017 226 16 20    82
2017 226 16 25    64
2017 226 16 30    59
2017 226 16 35    66
2017 226 16 40    66
2017 226 16 45    52
2017 226 16 50    55
2017 226 16 55    54
2017 226 17  0    56
2017 226 17  5    55
2017 226 17 10    62
2017 226 17 15    62
2017 226 17 20    81
2017 226 17 25   103
2017 226 17 30   102
2017 226 17 35   103
2017 226 17 40   120
2017 226 17 45   184
2017 226 17 50   176
2017 226 17 55   178
2017 226 18  0   208
2017 226 18  5   175
2017 226 18 10   162
2017 226 18 15   165
2017 226 18 20   166
2017 226 18 25   190
2017 226 18 30   196
2017 226 18 35   179
2017 226 18 40   174
2017 226 18 45   183
2017 226 18 50   174
2017 226 18 55   199
2017 226 19  0   203
2017 226 19  5   156
2017 226 19 10   124
2017 226 19 15   144
2017 226 19 20   136
2017 226 19 25    99
2017 226 19 30   117
2017 226 19 35   135
2017 226 19 40   135
2017 226 19 45   109
2017 226 19 50    84
2017 226 19 55    90
2017 226 20  0    65
2017 226 20  5    59
2017 226 20 10    37
2017 226 20 15    37
2017 226 20 20    32
2017 226 20 25    38
2017 226 20 30    43
2017 226 20 35    45
2017 226 20 40    50
2017 226 20 45    57
2017 226 20 50   103
2017 226 20 55   101
2017 226 21  0    77
2017 226 21  5    63
2017 226 21 10    54
2017 226 21 15    65
2017 226 21 20    64
2017 226 21 25    52
2017 226 21 30    45
2017 226 21 35    67
2017 226 21 40    71
2017 226 21 45    83
2017 226 21 50    61
2017 226 21 55    48
2017 226 22  0    46
2017 226 22  5    57
2017 226 22 10    77
2017 226 22 15    71
2017 226 22 20    50
2017 226 22 25    44
2017 226 22 30    42
2017 226 22 35    41
2017 226 22 40    46
2017 226 22 45    48
2017 226 22 50    49
2017 226 22 55    50
2017 226 23  0    48
2017 226 23  5    62
2017 226 23 10    69
2017 226 23 15    66
2017 226 23 20    72
2017 226 23 25    64
2017 226 23 30    73
2017 226 23 35    89
2017 226 23 40    74
2017 226 23 45    68
2017 226 23 50    70
2017 226 23 55    67
2017 227  0  0    69
2017 227  0  5    70
2017 227  0 10    66
2017 227  0 15    61
2017 227  0 20    64
2017 227  0 25    56
2017 227  0 30    60
2017 227  0 35    59
2017 227  0 40    55
2017 227  0 45    59
2017 227  0 50    61
2017 227  0 55    63
2017 227  1  0    64
2017 227  1  5    68
2017 227  1 10    68
2017 227  1 15    66
2017 227  1 20    62
2017 227  1 25    59
2017 227  1 30    63
2017 227  1 35    63
2017 227  1 40    60
2017 227  1 45    59
2017 227  1 50    63
2017 227  1 55    62
2017 227  2  0    68
2017 227  2  5    69
2017 227  2 10    83
2017 227  2 15    79
2017 227  2 20    76
2017 227  2 25    73
2017 227  2 30    71
2017 227  2 35    73
2017 227  2 40    77
2017 227  2 45    81
2017 227  2 50    93
2017 227  2 55    99
2017 227  3  0    88
2017 227  3  5    87
2017 227  3 10    82
2017 227  3 15    74
2017 227  3 20    71
2017 227  3 25    77
2017 227  3 30    89
2017 227  3 35    89
2017 227  3 40    90
2017 227  3 45    87
2017 227  3 50   104
2017 227  3 55   111
2017 227  4  0   107
2017 227  4  5    92
2017 227  4 10    85
2017 227  4 15    78
2017 227  4 20    76
2017 227  4 25    80
2017 227  4 30    78
2017 227  4 35    73
2017 227  4 40    61
2017 227  4 45    73
2017 227  4 50    72
2017 227  4 55    81
2017 227  5  0   100
2017 227  5  5   111
2017 227  5 10   147
2017 227  5 15   167
2017 227  5 20   171
2017 227  5 25   197
2017 227  5 30   165
2017 227  5 35   113
2017 227  5 40    93
2017 227  5 45    76
2017 227  5 50   117
2017 227  5 55   133
2017 227  6  0   101
2017 227  6  5   106
2017 227  6 10   101
2017 227  6 15   116
2017 227  6 20   103
2017 227  6 25    96
2017 227  6 30    81
2017 227  6 35    73
2017 227  6 40    66
2017 227  6 45    61
2017 227  6 50    60
2017 227  6 55    51
2017 227  7  0    52
2017 227  7  5    61
2017 227  7 10    64
2017 227  7 15    72
2017 227  7 20    63
2017 227  7 25    57
2017 227  7 30    66
2017 227  7 35    56
2017 227  7 40    60
2017 227  7 45    58
2017 227  7 50    59
2017 227  7 55    58
2017 227  8  0    58
2017 227  8  5    59
2017 227  8 10    58
2017 227  8 15    59
2017 227  8 20    57
2017 227  8 25    59
2017 227  8 30    57
2017 227  8 35    59
2017 227  8 40    62
2017 227  8 45    68
2017 227  8 50    71
2017 227  8 55    72
2017 227  9  0    78
2017 227  9  5    76
2017 227  9 10    74
2017 227  9 15    77
2017 227  9 20    74
2017 227  9 25    74
2017 227  9 30    63
2017 227  9 35    58
2017 227  9 40    57
2017 227  9 45    51
2017 227  9 50    47
2017 227  9 55    44
2017 227 10  0    41
2017 227 10  5    38
2017 227 10 10    36
2017 227 10 15    36
2017 227 10 20    40
2017 227 10 25    39
2017 227 10 30    38
2017 227 10 35    40
2017 227 10 40    38
2017 227 10 45    40
2017 227 10 50    38
2017 227 10 55    45
2017 227 11  0    80
2017 227 11  5    56
2017 227 11 10    43
2017 227 11 15    43
2017 227 11 20    48
2017 227 11 25    52
2017 227 11 30    50
2017 227 11 35    50
2017 227 11 40    50
2017 227 11 45    48
2017 227 11 50    47
2017 227 11 55    49
2017 227 12  0    50
2017 227 12  5    49
2017 227 12 10    49
2017 227 12 15    49
2017 227 12 20    54
2017 227 12 25    55
2017 227 12 30    62
2017 227 12 35    58
2017 227 12 40    69
2017 227 12 45    61
2017 227 12 50    59
2017 227 12 55    68
2017 227 13  0    60
2017 227 13  5    63
2017 227 13 10    63
2017 227 13 15    62
2017 227 13 20    64
2017 227 13 25    78
2017 227 13 30    78
2017 227 13 35    69
2017 227 13 40    63
2017 227 13 45    64
2017 227 13 50    78
2017 227 13 55    75
2017 227 14  0    86
2017 227 14  5    78
2017 227 14 10    73
2017 227 14 15    67
2017 227 14 20    68
2017 227 14 25    64
2017 227 14 30    64
2017 227 14 35    65
2017 227 14 40    71
2017 227 14 45    94
2017 227 14 50    89
2017 227 14 55    75
2017 227 15  0    74
2017 227 15  5    75
2017 227 15 10    70
2017 227 15 15    66
2017 227 15 20    81
2017 227 15 25    61
2017 227 15 30    69
2017 227 15 35    65
2017 227 15 40    65
2017 227 15 45    53
2017 227 15 50    58
2017 227 15 55    32
2017 227 16  0    56
2017 227 16  5    47
2017 227 16 10    46
2017 227 16 15    48
2017 227 16 20    48
2017 227 16 25    45
2017 227 16 30    41
2017 227 16 35    37
2017 227 16 40    34
2017 227 16 45    35
2017 227 16 50    37
2017 227 16 55    35
2017 227 17  0    32
2017 227 17  5    31
2017 227 17 10    30
2017 227 17 15    30
2017 227 17 20    28
2017 227 17 25    30
2017 227 17 30    32
2017 227 17 35    30
2017 227 17 40    29
2017 227 17 45    39
2017 227 17 50    38
2017 227 17 55    30
2017 227 18  0    34
2017 227 18  5    27
2017 227 18 10    25
2017 227 18 15    18
2017 227 18 20    24
2017 227 18 25    31
2017 227 18 30    27
2017 227 18 35    26
2017 227 18 40    32
2017 227 18 45    33
2017 227 18 50    37
2017 227 18 55    47
2017 227 19  0    51
2017 227 19  5    39
2017 227 19 10    41
2017 227 19 15    37
2017 227 19 20    34
2017 227 19 25    35
2017 227 19 30    28
2017 227 19 35    28
2017 227 19 40    31
2017 227 19 45    31
2017 227 19 50    35
2017 227 19 55    55
2017 227 20  0    62
2017 227 20  5    63
2017 227 20 10    47
2017 227 20 15    34
2017 227 20 20    35
2017 227 20 25    35
2017 227 20 30    36
2017 227 20 35    37
2017 227 20 40    37
2017 227 20 45    37
2017 227 20 50    37
2017 227 20 55    74
2017 227 21  0    93
2017 227 21  5    91
2017 227 21 10    76
2017 227 21 15    54
2017 227 21 20    41
2017 227 21 25    36
2017 227 21 30    36
2017 227 21 35    37
2017 227 21 40    39
2017 227 21 45    44
2017 227 21 50    53
2017 227 21 55    42
2017 227 22  0    37
2017 227 22  5    38
2017 227 22 10    35
2017 227 22 15    38
2017 227 22 20    38
2017 227 22 25    42
2017 227 22 30    40
2017 227 22 35    36
2017 227 22 40    39
2017 227 22 45    40
2017 227 22 50    40
2017 227 22 55    45
2017 227 23  0    45
2017 227 23  5    50
2017 227 23 10    49
2017 227 23 15    58
2017 227 23 20    71
2017 227 23 25    74
2017 227 23 30    85
2017 227 23 35    94
2017 227 23 40   106
2017 227 23 45   107
2017 227 23 50    97
2017 227 23 55    97
2017 228  0  0    86
2017 228  0  5    69
2017 228  0 10    69
2017 228  0 15    66
2017 228  0 20    68
2017 228  0 25    70
2017 228  0 30    66
2017 228  0 35    62
2017 228  0 40    63
2017 228  0 45    64
2017 228  0 50    61
2017 228  0 55    57
2017 228  1  0    53
2017 228  1  5    40
2017 228  1 10    46
2017 228  1 15    48
2017 228  1 20    51
2017 228  1 25    55
2017 228  1 30    57
2017 228  1 35    57
2017 228  1 40    56
2017 228  1 45    54
2017 228  1 50    61
2017 228  1 55    65
2017 228  2  0    61
2017 228  2  5    66
2017 228  2 10    71
2017 228  2 15    64
2017 228  2 20    59
2017 228  2 25    54
2017 228  2 30    58
2017 228  2 35    78
2017 228  2 40    78
2017 228  2 45    66
2017 228  2 50    64
2017 228  2 55    55
2017 228  3  0    50
2017 228  3  5    45
2017 228  3 10    43
2017 228  3 15    41
2017 228  3 20    43
2017 228  3 25    43
2017 228  3 30    41
2017 228  3 35    42
2017 228  3 40    42
2017 228  3 45    39
2017 228  3 50    37
2017 228  3 55    39
2017 228  4  0    35
2017 228  4  5    33
2017 228  4 10    32
2017 228  4 15    32
2017 228  4 20    33
2017 228  4 25    35
2017 228  4 30    31
2017 228  4 35    32
2017 228  4 40    30
2017 228  4 45    27
2017 228  4 50    28
2017 228  4 55    32
2017 228  5  0    40
2017 228  5  5    44
2017 228  5 10    44
2017 228  5 15    42
2017 228  5 20    35
2017 228  5 25    41
2017 228  5 30    52
2017 228  5 35    60
2017 228  5 40    62
2017 228  5 45    71
2017 228  5 50    82
2017 228  5 55    90
2017 228  6  0   100
2017 228  6  5   116
2017 228  6 10   182
2017 228  6 15   236
2017 228  6 20   280
2017 228  6 25   328
2017 228  6 30   296
2017 228  6 35   245
2017 228  6 40   232
2017 228  6 45   199
2017 228  6 50   199
2017 228  6 55   217
2017 228  7  0   259
2017 228  7  5   277
2017 228  7 10   278
2017 228  7 15   235
2017 228  7 20   221
2017 228  7 25   237
2017 228  7 30   245
2017 228  7 35   290
2017 228  7 40   277
2017 228  7 45   273
2017 228  7 50   250
2017 228  7 55   226
2017 228  8  0   242
2017 228  8  5   233
2017 228  8 10   220
2017 228  8 15   177
2017 228  8 20   159
2017 228  8 25   150
2017 228  8 30   143
2017 228  8 35   181
2017 228  8 40   163
2017 228  8 45   155
2017 228  8 50   156
2017 228  8 55   131
2017 228  9  0   116
2017 228  9  5   131
2017 228  9 10   106
2017 228  9 15    96
2017 228  9 20    87
2017 228  9 25    69
2017 228  9 30    74
2017 228  9 35    99
2017 228  9 40   117
2017 228  9 45   120
2017 228  9 50   100
2017 228  9 55   106
2017 228 10  0    96
2017 228 10  5    94
2017 228 10 10    91
2017 228 10 15    99
2017 228 10 20   118
2017 228 10 25   138
2017 228 10 30   161
2017 228 10 35   180
2017 228 10 40   228
2017 228 10 45   233
2017 228 10 50   225
2017 228 10 55   211
2017 228 11  0   198
2017 228 11  5   199
2017 228 11 10   181
2017 228 11 15   179
2017 228 11 20   184
2017 228 11 25   193
2017 228 11 30   185
2017 228 11 35   155
2017 228 11 40   161
2017 228 11 45   187
2017 228 11 50   199
2017 228 11 55   192
2017 228 12  0   184
2017 228 12  5   195
2017 228 12 10   176
2017 228 12 15   163
2017 228 12 20   174
2017 228 12 25   175
2017 228 12 30   173
2017 228 12 35   172
2017 228 12 40   176
2017 228 12 45   169
2017 228 12 50   150
2017 228 12 55   147
2017 228 13  0   114
2017 228 13  5    92
2017 228 13 10    69
2017 228 13 15    65
2017 228 13 20    60
2017 228 13 25    59
2017 228 13 30    63
2017 228 13 35    49
2017 228 13 40    45
2017 228 13 45    44
2017 228 13 50    40
2017 228 13 55    47
2017 228 14  0    48
2017 228 14  5    45
2017 228 14 10    44
2017 228 14 15    44
2017 228 14 20    65
2017 228 14 25    77
2017 228 14 30    67
2017 228 14 35    67
2017 228 14 40    62
2017 228 14 45    69
2017 228 14 50    78
2017 228 14 55    73
2017 228 15  0    71
2017 228 15  5    79
2017 228 15 10    85
2017 228 15 15    87
2017 228 15 20    89
2017 228 15 25    99
2017 228 15 30    90
2017 228 15 35   105
2017 228 15 40   127
2017 228 15 45   124
2017 228 15 50   121
2017 228 15 55   114
2017 228 16  0   130
2017 228 16  5   141
2017 228 16 10   115
2017 228 16 15    99
2017 228 16 20   101
2017 228 16 25   105
2017 228 16 30   111
2017 228 16 35   120
2017 228 16 40   132
2017 228 16 45   143
2017 228 16 50   146
2017 228 16 55   145
2017 228 17  0   151
2017 228 17  5   142
2017 228 17 10   116
2017 228 17 15   132
2017 228 17 20   154
2017 228 17 25   187
2017 228 17 30   209
2017 228 17 35   227
2017 228 17 40   222
2017 228 17 45   232
2017 228 17 50   209
2017 228 17 55   195
2017 228 18  0   230
2017 228 18  5   230
2017 228 18 10   197
2017 228 18 15   174
2017 228 18 20   213
2017 228 18 25   210
2017 228 18 30   180
2017 228 18 35   162
2017 228 18 40   161
2017 228 18 45   176
2017 228 18 50   202
2017 228 18 55   208
2017 228 19  0   241
2017 228 19  5   260
2017 228 19 10   268
2017 228 19 15   249
2017 228 19 20   275
2017 228 19 25   267
2017 228 19 30   297
2017 228 19 35   282
2017 228 19 40   301
2017 228 19 45   307
2017 228 19 50   324
2017 228 19 55   318
2017 228 20  0   351
2017 228 20  5   336
2017 228 20 10   350
2017 228 20 15   356
2017 228 20 20   317
2017 228 20 25   323
2017 228 20 30   284
2017 228 20 35   244
2017 228 20 40   208
2017 228 20 45   169
2017 228 20 50   166
2017 228 20 55   154
2017 228 21  0   168
2017 228 21  5   168
2017 228 21 10   159
2017 228 21 15   139
2017 228 21 20   165
2017 228 21 25   133
2017 228 21 30   124
2017 228 21 35   131
2017 228 21 40   142
2017 228 21 45   130
2017 228 21 50   140
2017 228 21 55   180
2017 228 22  0   177
2017 228 22  5   180
2017 228 22 10   182
2017 228 22 15   196
2017 228 22 20   242
2017 228 22 25   230
2017 228 22 30   206
2017 228 22 35   183
2017 228 22 40   171
2017 228 22 45   152
2017 228 22 50   144
2017 228 22 55   157
2017 228 23  0   156
2017 228 23  5   148
2017 228 23 10   161
2017 228 23 15   169
2017 228 23 20   224
2017 228 23 25   246
2017 228 23 30   359
2017 228 23 35   393
2017 228 23 40   364
2017 228 23 45   281
2017 228 23 50   270
2017 228 23 55   334
2017 229  0  0   351
2017 229  0  5   397
2017 229  0 10   466
2017 229  0 15   514
2017 229  0 20   565
2017 229  0 25   602
2017 229  0 30   604
2017 229  0 35   535
2017 229  0 40   470
2017 229  0 45   410
2017 229  0 50   337
2017 229  0 55   294
2017 229  1  0   299
2017 229  1  5   245
2017 229  1 10   204
2017 229  1 15   202
2017 229  1 20   192
2017 229  1 25   171
2017 229  1 30   142
2017 229  1 35   136
2017 229  1 40   116
2017 229  1 45   109
2017 229  1 50    91
2017 229  1 55    80
2017 229  2  0    69
2017 229  2  5    62
2017 229  2 10    55
2017 229  2 15    55
2017 229  2 20    74
2017 229  2 25    80
2017 229  2 30    64
2017 229  2 35    77
2017 229  2 40    60
2017 229  2 45    62
2017 229  2 50    61
2017 229  2 55    70
2017 229  3  0    74
2017 229  3  5    64
2017 229  3 10    67
2017 229  3 15    86
2017 229  3 20   123
2017 229  3 25   128
2017 229  3 30   127
2017 229  3 35   146
2017 229  3 40   158
2017 229  3 45   159
2017 229  3 50   143
2017 229  3 55   115
2017 229  4  0    91
2017 229  4  5    72
2017 229  4 10    60
2017 229  4 15    72
2017 229  4 20    85
2017 229  4 25   101
2017 229  4 30   133
2017 229  4 35   189
2017 229  4 40   260
2017 229  4 45   260
2017 229  4 50   197
2017 229  4 55   192
2017 229  5  0   254
2017 229  5  5   264
2017 229  5 10   244
2017 229  5 15   187
2017 229  5 20   126
2017 229  5 25   126
2017 229  5 30   117
2017 229  5 35   120
2017 229  5 40   139
2017 229  5 45   141
2017 229  5 50   136
2017 229  5 55   127
2017 229  6  0    90
2017 229  6  5    70
2017 229  6 10    63
2017 229  6 15    64
2017 229  6 20    55
2017 229  6 25    43
2017 229  6 30    46
2017 229  6 35    55
2017 229  6 40    60
2017 229  6 45    40
2017 229  6 50    37
2017 229  6 55    78
2017 229  7  0   117
2017 229  7  5   139
2017 229  7 10   164
2017 229  7 15   161
2017 229  7 20   178
2017 229  7 25   197
2017 229  7 30   231
2017 229  7 35   240
2017 229  7 40   292
2017 229  7 45   319
2017 229  7 50   291
2017 229  7 55   774
2017 229  8  0   976
2017 229  8  5   885
2017 229  8 10   968
2017 229  8 15  1612
2017 229  8 20  1070
2017 229  8 25   780
2017 229  8 30   751
2017 229  8 35   628
2017 229  8 40   493
2017 229  8 45   464
2017 229  8 50   409
2017 229  8 55   377
2017 229  9  0   397
2017 229  9  5   448
2017 229  9 10   638
2017 229  9 15   747
2017 229  9 20   791
2017 229  9 25   823
2017 229  9 30   898
2017 229  9 35   639
2017 229  9 40   597
2017 229  9 45   578
2017 229  9 50   566
2017 229  9 55   406
2017 229 10  0   465
2017 229 10  5   505
2017 229 10 10   539
2017 229 10 15   555
2017 229 10 20   434
2017 229 10 25   450
2017 229 10 30   516
2017 229 10 35   446
2017 229 10 40   395
2017 229 10 45   405
2017 229 10 50   460
2017 229 10 55   523
2017 229 11  0   504
2017 229 11  5   579
2017 229 11 10   631
2017 229 11 15   596
2017 229 11 20   531
2017 229 11 25   589
2017 229 11 30   589
2017 229 11 35   780
2017 229 11 40   775
2017 229 11 45   806
2017 229 11 50  1026
2017 229 11 55  1370
2017 229 12  0  1734
2017 229 12  5  1418
2017 229 12 10  1241
2017 229 12 15  1033
2017 229 12 20   861
2017 229 12 25   860
2017 229 12 30   788
2017 229 12 35   781
2017 229 12 40   686
2017 229 12 45   654
2017 229 12 50   656
2017 229 12 55   637
2017 229 13  0   591
2017 229 13  5   525
2017 229 13 10   477
2017 229 13 15   475
2017 229 13 20   437
2017 229 13 25   446
2017 229 13 30   441
2017 229 13 35   678
2017 229 13 40   536
2017 229 13 45   658
2017 229 13 50   777
2017 229 13 55   985
2017 229 14  0   838
2017 229 14  5   868
2017 229 14 10   849
2017 229 14 15   797
2017 229 14 20   800
2017 229 14 25   732
2017 229 14 30   787
2017 229 14 35   737
2017 229 14 40   690
2017 229 14 45   621
2017 229 14 50   532
2017 229 14 55   439
2017 229 15  0   384
2017 229 15  5   399
2017 229 15 10   426
2017 229 15 15   420
2017 229 15 20   382
2017 229 15 25   331
2017 229 15 30   283
2017 229 15 35   288
2017 229 15 40   327
2017 229 15 45   310
2017 229 15 50   359
2017 229 15 55   322
2017 229 16  0   287
2017 229 16  5   285
2017 229 16 10   222
2017 229 16 15   235
2017 229 16 20   247
2017 229 16 25   193
2017 229 16 30   195
2017 229 16 35   172
2017 229 16 40   142
2017 229 16 45   169
2017 229 16 50   169
2017 229 16 55   182
2017 229 17  0   192
2017 229 17  5   220
2017 229 17 10   248
2017 229 17 15   292
2017 229 17 20   364
2017 229 17 25   433
2017 229 17 30   427
2017 229 17 35   419
2017 229 17 40   509
2017 229 17 45   560
2017 229 17 50   606
2017 229 17 55   648
2017 229 18  0   631
2017 229 18  5   610
2017 229 18 10   789
2017 229 18 15   782
2017 229 18 20   796
2017 229 18 25   660
2017 229 18 30   518
2017 229 18 35   506
2017 229 18 40   514
2017 229 18 45   467
2017 229 18 50   434
2017 229 18 55   356
2017 229 19  0   371
2017 229 19  5   406
2017 229 19 10   427
2017 229 19 15   366
2017 229 19 20   317
2017 229 19 25   287
2017 229 19 30   272
2017 229 19 35   254
2017 229 19 40   231
2017 229 19 45   209
2017 229 19 50   188
2017 229 19 55   190
2017 229 20  0   215
2017 229 20  5   215
2017 229 20 10   203
2017 229 20 15   182
2017 229 20 20   196
2017 229 20 25   181
2017 229 20 30   162
2017 229 20 35   159
2017 229 20 40   140
2017 229 20 45    98
2017 229 20 50    77
2017 229 20 55    66
2017 229 21  0    76
2017 229 21  5   118
2017 229 21 10   104
2017 229 21 15    92
2017 229 21 20    94
2017 229 21 25   108
2017 229 21 30   107
2017 229 21 35   117
2017 229 21 40   121
2017 229 21 45   105
2017 229 21 50   109
2017 229 21 55   156
2017 229 22  0   196
2017 229 22  5   227
2017 229 22 10   231
2017 229 22 15   228
2017 229 22 20   321
2017 229 22 25   352
2017 229 22 30   302
2017 229 22 35   392
2017 229 22 40   467
2017 229 22 45   733
2017 229 22 50   727
2017 229 22 55   572
2017 229 23  0   454
2017 229 23  5   396
2017 229 23 10   399
2017 229 23 15   377
2017 229 23 20   393
2017 229 23 25   328
2017 229 23 30   286
2017 229 23 35   244
2017 229 23 40   294
2017 229 23 45   266
2017 229 23 50   279
2017 229 23 55   224
2017 230  0  0   242
2017 230  0  5   239
2017 230  0 10   301
2017 230  0 15   364
2017 230  0 20   310
2017 230  0 25   268
2017 230  0 30   256
2017 230  0 35   212
2017 230  0 40   187
2017 230  0 45   158
2017 230  0 50   149
2017 230  0 55   172
2017 230  1  0   182
2017 230  1  5   231
2017 230  1 10   334
2017 230  1 15   374
2017 230  1 20   396
2017 230  1 25   362
2017 230  1 30   401
2017 230  1 35   593
2017 230  1 40   711
2017 230  1 45   795
2017 230  1 50   764
2017 230  1 55   835
2017 230  2  0   798
2017 230  2  5   699
2017 230  2 10   626
2017 230  2 15   487
2017 230  2 20   385
2017 230  2 25   316
2017 230  2 30   314
2017 230  2 35   284
2017 230  2 40   281
2017 230  2 45   236
2017 230  2 50   275
2017 230  2 55   334
2017 230  3  0   398
2017 230  3  5   461
2017 230  3 10   535
2017 230  3 15   550
2017 230  3 20   578
2017 230  3 25   509
2017 230  3 30   459
2017 230  3 35   387
2017 230  3 40   386
2017 230  3 45   283
2017 230  3 50   204
2017 230  3 55   175
2017 230  4  0   173
2017 230  4  5   216
2017 230  4 10   234
2017 230  4 15   217
2017 230  4 20   172
2017 230  4 25   156
2017 230  4 30   168
2017 230  4 35   151
2017 230  4 40   158
2017 230  4 45   153
2017 230  4 50   145
2017 230  4 55   132
2017 230  5  0   119
2017 230  5  5    96
2017 230  5 10    82
2017 230  5 15    98
2017 230  5 20   113
2017 230  5 25   104
2017 230  5 30   107
2017 230  5 35    87
2017 230  5 40    73
2017 230  5 45    70
2017 230  5 50    88
2017 230  5 55    73
2017 230  6  0    83
2017 230  6  5   133
2017 230  6 10   201
2017 230  6 15   205
2017 230  6 20   186
2017 230  6 25   140
2017 230  6 30   149
2017 230  6 35   149
2017 230  6 40   133
2017 230  6 45   164
2017 230  6 50   196
2017 230  6 55   235
2017 230  7  0   233
2017 230  7  5   240
2017 230  7 10   191
2017 230  7 15   167
2017 230  7 20   178
2017 230  7 25   158
2017 230  7 30   193
2017 230  7 35   191
2017 230  7 40   164
2017 230  7 45   140
2017 230  7 50   146
2017 230  7 55   149
2017 230  8  0   130
2017 230  8  5    90
2017 230  8 10   116
2017 230  8 15   148
2017 230  8 20   200
2017 230  8 25   199
2017 230  8 30   184
2017 230  8 35   210
2017 230  8 40   241
2017 230  8 45   223
2017 230  8 50   185
2017 230  8 55   228
2017 230  9  0   385
2017 230  9  5   635
2017 230  9 10   647
2017 230  9 15   676
2017 230  9 20   588
2017 230  9 25   453
2017 230  9 30   409
2017 230  9 35   456
2017 230  9 40   436
2017 230  9 45   316
2017 230  9 50   273
2017 230  9 55   337
2017 230 10  0   379
2017 230 10  5   434
2017 230 10 10   361
2017 230 10 15   313
2017 230 10 20   236
2017 230 10 25   172
2017 230 10 30   155
2017 230 10 35   189
2017 230 10 40   152
2017 230 10 45    80
2017 230 10 50   136
2017 230 10 55   115
2017 230 11  0   129
2017 230 11  5   122
2017 230 11 10   126
2017 230 11 15   124
2017 230 11 20   107
2017 230 11 25    86
2017 230 11 30    85
2017 230 11 35    71
2017 230 11 40    67
2017 230 11 45    66
2017 230 11 50    87
2017 230 11 55   150
2017 230 12  0   240
2017 230 12  5   335
2017 230 12 10   448
2017 230 12 15   495
2017 230 12 20   483
2017 230 12 25   430
2017 230 12 30   457
2017 230 12 35   536
2017 230 12 40   578
2017 230 12 45   585
2017 230 12 50   533
2017 230 12 55   423
2017 230 13  0   489
2017 230 13  5   531
2017 230 13 10   713
2017 230 13 15   779
2017 230 13 20   819
2017 230 13 25   719
2017 230 13 30   736
2017 230 13 35   785
2017 230 13 40   867
2017 230 13 45   918
2017 230 13 50   887
2017 230 13 55   873
2017 230 14  0   997
2017 230 14  5  1003
2017 230 14 10  1127
2017 230 14 15   809
2017 230 14 20   667
2017 230 14 25   846
2017 230 14 30   694
2017 230 14 35   504
2017 230 14 40   533
2017 230 14 45   646
2017 230 14 50   547
2017 230 14 55   574
2017 230 15  0   504
2017 230 15  5   465
2017 230 15 10   426
2017 230 15 15   404
2017 230 15 20   410
2017 230 15 25   341
2017 230 15 30   265
2017 230 15 35   186
2017 230 15 40   128
2017 230 15 45   127
2017 230 15 50   179
2017 230 15 55   166
2017 230 16  0   144
2017 230 16  5   127
2017 230 16 10   195
2017 230 16 15   149
2017 230 16 20   135
2017 230 16 25   123
2017 230 16 30   106
2017 230 16 35   145
2017 230 16 40   186
2017 230 16 45   207
2017 230 16 50   234
2017 230 16 55   285
2017 230 17  0   321
2017 230 17  5   336
2017 230 17 10   333
2017 230 17 15   380
2017 230 17 20   398
2017 230 17 25   399
2017 230 17 30   420
2017 230 17 35   407
2017 230 17 40   363
2017 230 17 45   386
2017 230 17 50   643
2017 230 17 55   660
2017 230 18  0   777
2017 230 18  5   973
2017 230 18 10  1163
2017 230 18 15  1365
2017 230 18 20  1429
2017 230 18 25  1250
2017 230 18 30  1210
2017 230 18 35  1271
2017 230 18 40  1278
2017 230 18 45   866
2017 230 18 50   726
2017 230 18 55   772
2017 230 19  0   832
2017 230 19  5   773
2017 230 19 10   757
2017 230 19 15   729
2017 230 19 20   806
2017 230 19 25   889
2017 230 19 30   829
2017 230 19 35   714
2017 230 19 40   710
2017 230 19 45   656
2017 230 19 50   583
2017 230 19 55   531
2017 230 20  0   517
2017 230 20  5   401
2017 230 20 10   314
2017 230 20 15   268
2017 230 20 20   255
2017 230 20 25   240
2017 230 20 30   262
2017 230 20 35   255
2017 230 20 40   202
2017 230 20 45   160
2017 230 20 50   197
2017 230 20 55   318
2017 230 21  0   422
2017 230 21  5   398
2017 230 21 10   379
2017 230 21 15   380
2017 230 21 20   329
2017 230 21 25   276
2017 230 21 30   204
2017 230 21 35   129
2017 230 21 40   150
2017 230 21 45   219
2017 230 21 50   350
2017 230 21 55   397
2017 230 22  0   360
2017 230 22  5   324
2017 230 22 10   293
2017 230 22 15   282
2017 230 22 20   220
2017 230 22 25   198
2017 230 22 30   236
2017 230 22 35   235
2017 230 22 40   215
2017 230 22 45   201
2017 230 22 50   195
2017 230 22 55   177
2017 230 23  0   190
2017 230 23  5   270
2017 230 23 10   263
2017 230 23 15   254
2017 230 23 20   339
2017 230 23 25   389
2017 230 23 30   313
2017 230 23 35   252
2017 230 23 40   240
2017 230 23 45   244
2017 230 23 50   242
2017 230 23 55   263
2017 231  0  0   264
2017 231  0  5   245
2017 231  0 10   254
2017 231  0 15   268
2017 231  0 20   267
2017 231  0 25   331
2017 231  0 30   418
2017 231  0 35   484
2017 231  0 40   497
2017 231  0 45   653
2017 231  0 50   835
2017 231  0 55   844
2017 231  1  0   830
2017 231  1  5   952
2017 231  1 10   947
2017 231  1 15   897
2017 231  1 20  1005
2017 231  1 25  1047
2017 231  1 30   987
2017 231  1 35   923
2017 231  1 40   871
2017 231  1 45   890
2017 231  1 50   836
2017 231  1 55   744
2017 231  2  0   640
2017 231  2  5   668
2017 231  2 10   577
2017 231  2 15   547
2017 231  2 20   574
2017 231  2 25   586
2017 231  2 30   466
2017 231  2 35   398
2017 231  2 40   337
2017 231  2 45   417
2017 231  2 50   570
2017 231  2 55   452
2017 231  3  0   383
2017 231  3  5   386
2017 231  3 10   365
2017 231  3 15   298
2017 231  3 20   313
2017 231  3 25   241
2017 231  3 30   238
2017 231  3 35   233
2017 231  3 40   203
2017 231  3 45   156
2017 231  3 50   110
2017 231  3 55   112
2017 231  4  0    93
2017 231  4  5    93
2017 231  4 10    86
2017 231  4 15    86
2017 231  4 20    83
2017 231  4 25    71
2017 231  4 30    94
2017 231  4 35   129
2017 231  4 40   216
2017 231  4 45   328
2017 231  4 50   451
2017 231  4 55   425
2017 231  5  0   398
2017 231  5  5   398
2017 231  5 10   404
2017 231  5 15   404
2017 231  5 20   339
2017 231  5 25   284
2017 231  5 30   272
2017 231  5 35   405
2017 231  5 40   555
2017 231  5 45   721
2017 231  5 50   733
2017 231  5 55   576
2017 231  6  0   788
2017 231  6  5   867
2017 231  6 10   881
2017 231  6 15  1017
2017 231  6 20  1055
2017 231  6 25   919
2017 231  6 30   833
2017 231  6 35   833
2017 231  6 40   800
2017 231  6 45   774
2017 231  6 50   609
2017 231  6 55   408
2017 231  7  0   423
2017 231  7  5   401
2017 231  7 10   368
2017 231  7 15   375
2017 231  7 20   405
2017 231  7 25   460
2017 231  7 30   473
2017 231  7 35   490
2017 231  7 40   621
2017 231  7 45   747
2017 231  7 50   785
2017 231  7 55   881
2017 231  8  0  1047
2017 231  8  5  1079
2017 231  8 10   843
2017 231  8 15   813
2017 231  8 20   808
2017 231  8 25   931
2017 231  8 30  1016
2017 231  8 35   974
2017 231  8 40   876
2017 231  8 45   895
2017 231  8 50   862
2017 231  8 55  1029
2017 231  9  0  1049
2017 231  9  5   756
2017 231  9 10   556
2017 231  9 15   539
2017 231  9 20   456
2017 231  9 25   486
2017 231  9 30   435
2017 231  9 35   367
2017 231  9 40   286
2017 231  9 45   293
2017 231  9 50   282
2017 231  9 55   203
2017 231 10  0   167
2017 231 10  5   137
2017 231 10 10   135
2017 231 10 15   151
2017 231 10 20   127
2017 231 10 25   136
2017 231 10 30   134
2017 231 10 35   149
2017 231 10 40   141
2017 231 10 45   148
2017 231 10 50   263
2017 231 10 55   266
2017 231 11  0   301
2017 231 11  5   356
2017 231 11 10   389
2017 231 11 15   411
2017 231 11 20   487
2017 231 11 25   501
2017 231 11 30   510
2017 231 11 35   540
2017 231 11 40   460
2017 231 11 45   554
2017 231 11 50   594
2017 231 11 55   604
2017 231 12  0   651
2017 231 12  5   825
2017 231 12 10   858
2017 231 12 15   731
2017 231 12 20   810
2017 231 12 25   919
2017 231 12 30   648
2017 231 12 35   458
2017 231 12 40   420
2017 231 12 45   400
2017 231 12 50   424
2017 231 12 55   496
2017 231 13  0   387
2017 231 13  5   372
2017 231 13 10   334
2017 231 13 15   303
2017 231 13 20   347
2017 231 13 25   372
2017 231 13 30   320
2017 231 13 35   305
2017 231 13 40   273
2017 231 13 45   278
2017 231 13 50   240
2017 231 13 55   284
2017 231 14  0   252
2017 231 14  5   279
2017 231 14 10   274
2017 231 14 15   230
2017 231 14 20   185
2017 231 14 25   151
2017 231 14 30   168
2017 231 14 35   143
2017 231 14 40   164
2017 231 14 45   179
2017 231 14 50   159
2017 231 14 55   184
2017 231 15  0   266
2017 231 15  5   305
2017 231 15 10   324
2017 231 15 15   381
2017 231 15 20   427
2017 231 15 25   432
2017 231 15 30   385
2017 231 15 35   361
2017 231 15 40   523
2017 231 15 45   361
2017 231 15 50   561
2017 231 15 55   772
2017 231 16  0   911
2017 231 16  5  1168
2017 231 16 10  1044
2017 231 16 15   803
2017 231 16 20   854
2017 231 16 25   856
2017 231 16 30   872
2017 231 16 35   849
2017 231 16 40   710
2017 231 16 45   757
2017 231 16 50   636
2017 231 16 55   530
2017 231 17  0   570
2017 231 17  5   447
2017 231 17 10   378
2017 231 17 15   326
2017 231 17 20   282
2017 231 17 25   301
2017 231 17 30   341
2017 231 17 35   258
2017 231 17 40   299
2017 231 17 45   288
2017 231 17 50   287
2017 231 17 55   352
2017 231 18  0   417
2017 231 18  5   389
2017 231 18 10   373
2017 231 18 15   355
2017 231 18 20   385
2017 231 18 25   437
2017 231 18 30   415
2017 231 18 35   372
2017 231 18 40   330
2017 231 18 45   326
2017 231 18 50   286
2017 231 18 55   273
2017 231 19  0   239
2017 231 19  5   246
2017 231 19 10   189
2017 231 19 15   207
2017 231 19 20   244
2017 231 19 25   242
2017 231 19 30   245
2017 231 19 35   235
2017 231 19 40   238
2017 231 19 45   225
2017 231 19 50   201
2017 231 19 55   205
2017 231 20  0   170
2017 231 20  5   186
2017 231 20 10   290
2017 231 20 15   336
2017 231 20 20   260
2017 231 20 25   212
2017 231 20 30   264
2017 231 20 35   276
2017 231 20 40   370
2017 231 20 45   394
2017 231 20 50   443
2017 231 20 55   474
2017 231 21  0   499
2017 231 21  5   720
2017 231 21 10   720
2017 231 21 15   652
2017 231 21 20   581
2017 231 21 25   784
2017 231 21 30   790
2017 231 21 35   725
2017 231 21 40   663
2017 231 21 45   897
2017 231 21 50   727
2017 231 21 55   796
2017 231 22  0   873
2017 231 22  5   908
2017 231 22 10   808
2017 231 22 15   690
2017 231 22 20   622
2017 231 22 25   565
2017 231 22 30   591
2017 231 22 35   562
2017 231 22 40   529
2017 231 22 45   552
2017 231 22 50   544
2017 231 22 55   537
2017 231 23  0   558
2017 231 23  5   612
2017 231 23 10   568
2017 231 23 15   544
2017 231 23 20   616
2017 231 23 25   616
2017 231 23 30   624
2017 231 23 35   669
2017 231 23 40   749
2017 231 23 45   787
2017 231 23 50   740
2017 231 23 55   706
2017 232  0  0   755
2017 232  0  5   733
2017 232  0 10   768
2017 232  0 15   729
2017 232  0 20   653
2017 232  0 25   623
2017 232  0 30   613
2017 232  0 35   578
2017 232  0 40   694
2017 232  0 45   646
2017 232  0 50   601
2017 232  0 55   605
2017 232  1  0   706
2017 232  1  5   825
2017 232  1 10   729
2017 232  1 15   671
2017 232  1 20   688
2017 232  1 25   835
2017 232  1 30   785
2017 232  1 35   833
2017 232  1 40   882
2017 232  1 45   811
2017 232  1 50  1001
2017 232  1 55  1059
2017 232  2  0  1013
2017 232  2  5   841
2017 232  2 10   876
2017 232  2 15   725
2017 232  2 20   585
2017 232  2 25   654
2017 232  2 30   734
2017 232  2 35   767
2017 232  2 40   765
2017 232  2 45   762
2017 232  2 50   779
2017 232  2 55   854
2017 232  3  0   848
2017 232  3  5   790
2017 232  3 10  1022
2017 232  3 15  1181
2017 232  3 20  1093
2017 232  3 25  1164
2017 232  3 30  1228
2017 232  3 35  1379
2017 232  3 40  1244
2017 232  3 45  1215
2017 232  3 50  1080
2017 232  3 55  1060
2017 232  4  0   998
2017 232  4  5   895
2017 232  4 10   906
2017 232  4 15   782
2017 232  4 20   667
2017 232  4 25   593
2017 232  4 30   586
2017 232  4 35   534
2017 232  4 40   542
2017 232  4 45   538
2017 232  4 50   528
2017 232  4 55   534
2017 232  5  0   516
2017 232  5  5   592
2017 232  5 10   467
2017 232  5 15   515
2017 232  5 20   716
2017 232  5 25   639
2017 232  5 30   401
2017 232  5 35   300
2017 232  5 40   309
2017 232  5 45   265
2017 232  5 50   316
2017 232  5 55   355
2017 232  6  0   370
2017 232  6  5   302
2017 232  6 10   239
2017 232  6 15   222
2017 232  6 20   339
2017 232  6 25   422
2017 232  6 30   436
2017 232  6 35   344
2017 232  6 40   336
2017 232  6 45   349
2017 232  6 50   400
2017 232  6 55   340
2017 232  7  0   352
2017 232  7  5   326
2017 232  7 10   305
2017 232  7 15   268
2017 232  7 20   343
2017 232  7 25   384
2017 232  7 30   434
2017 232  7 35   580
2017 232  7 40   783
2017 232  7 45   528
2017 232  7 50   509
2017 232  7 55   451
2017 232  8  0   393
2017 232  8  5   448
2017 232  8 10   316
2017 232  8 15   270
2017 232  8 20   353
2017 232  8 25   585
2017 232  8 30   765
2017 232  8 35   678
2017 232  8 40   502
2017 232  8 45   521
2017 232  8 50   656
2017 232  8 55   718
2017 232  9  0   795
2017 232  9  5   732
2017 232  9 10   584
2017 232  9 15   537
2017 232  9 20   612
2017 232  9 25   592
2017 232  9 30   448
2017 232  9 35   323
2017 232  9 40   384
2017 232  9 45   309
2017 232  9 50   369
2017 232  9 55   387
2017 232 10  0   391
2017 232 10  5   435
2017 232 10 10   422
2017 232 10 15   446
2017 232 10 20   475
2017 232 10 25   478
2017 232 10 30   383
2017 232 10 35   347
2017 232 10 40   274
2017 232 10 45   285
2017 232 10 50   311
2017 232 10 55   311
2017 232 11  0   293
2017 232 11  5   265
2017 232 11 10   251
2017 232 11 15   207
2017 232 11 20   150
2017 232 11 25   120
2017 232 11 30   104
2017 232 11 35   129
2017 232 11 40   179
2017 232 11 45   117
2017 232 11 50   126
2017 232 11 55   119
2017 232 12  0   109
2017 232 12  5    62
2017 232 12 10   164
2017 232 12 15   258
2017 232 12 20   239
2017 232 12 25   167
2017 232 12 30   180
2017 232 12 35   196
2017 232 12 40   190
2017 232 12 45   193
2017 232 12 50   230
2017 232 12 55   182
2017 232 13  0   129
2017 232 13  5   124
2017 232 13 10   120
2017 232 13 15   110
2017 232 13 20    87
2017 232 13 25    78
2017 232 13 30    64
2017 232 13 35    58
2017 232 13 40    64
2017 232 13 45    64
2017 232 13 50    62
2017 232 13 55    69
2017 232 14  0    79
2017 232 14  5    83
2017 232 14 10    56
2017 232 14 15    42
2017 232 14 20    59
2017 232 14 25    99
2017 232 14 30   103
2017 232 14 35   103
2017 232 14 40    88
2017 232 14 45   105
2017 232 14 50   171
2017 232 14 55   213
2017 232 15  0   290
2017 232 15  5   385
2017 232 15 10   370
2017 232 15 15   319
2017 232 15 20   261
2017 232 15 25   220
2017 232 15 30   246
2017 232 15 35   308
2017 232 15 40   331
2017 232 15 45   308
2017 232 15 50   398
2017 232 15 55   406
2017 232 16  0   359
2017 232 16  5   334
2017 232 16 10   343
2017 232 16 15   353
2017 232 16 20   321
2017 232 16 25   301
2017 232 16 30   304
2017 232 16 35   328
2017 232 16 40   291
2017 232 16 45   279
2017 232 16 50   248
2017 232 16 55   455
2017 232 17  0   588
2017 232 17  5   654
2017 232 17 10   456
2017 232 17 15   509
2017 232 17 20   575
2017 232 17 25   547
2017 232 17 30   633
2017 232 17 35   627
2017 232 17 40   724
2017 232 17 45   704
2017 232 17 50   562
2017 232 17 55   471
2017 232 18  0   449
2017 232 18  5   409
2017 232 18 10   442
2017 232 18 15   466
2017 232 18 20   472
2017 232 18 25   465
2017 232 18 30   481
2017 232 18 35   462
2017 232 18 40   474
2017 232 18 45   421
2017 232 18 50   379
2017 232 18 55   345
2017 232 19  0   345
2017 232 19  5   329
2017 232 19 10   356
2017 232 19 15   338
2017 232 19 20   286
2017 232 19 25   246
2017 232 19 30   219
2017 232 19 35   230
2017 232 19 40   234
2017 232 19 45   247
2017 232 19 50   248
2017 232 19 55   501
2017 232 20  0   440
2017 232 20  5   325
2017 232 20 10   272
2017 232 20 15   232
2017 232 20 20   219
2017 232 20 25   244
2017 232 20 30   268
2017 232 20 35   281
2017 232 20 40   361
2017 232 20 45   328
2017 232 20 50   316
2017 232 20 55   256
2017 232 21  0   259
2017 232 21  5   293
2017 232 21 10   302
2017 232 21 15   320
2017 232 21 20   279
2017 232 21 25   332
2017 232 21 30   348
2017 232 21 35   380
2017 232 21 40   339
2017 232 21 45   302
2017 232 21 50   356
2017 232 21 55   460
2017 232 22  0   540
2017 232 22  5   561
2017 232 22 10   497
2017 232 22 15   387
2017 232 22 20   303
2017 232 22 25   332
2017 232 22 30   306
2017 232 22 35   288
2017 232 22 40   311
2017 232 22 45   377
2017 232 22 50   379
2017 232 22 55   355
2017 232 23  0   355
2017 232 23  5   423
2017 232 23 10   388
2017 232 23 15   422
2017 232 23 20   436
2017 232 23 25   423
2017 232 23 30   352
2017 232 23 35   304
2017 232 23 40   298
2017 232 23 45   276
2017 232 23 50   284
2017 232 23 55   234
2017 233  0  0   232
2017 233  0  5   180
2017 233  0 10   156
2017 233  0 15   152
2017 233  0 20   173
2017 233  0 25   210
2017 233  0 30   195
2017 233  0 35   224
2017 233  0 40   220
2017 233  0 45   279
2017 233  0 50   305
2017 233  0 55   315
2017 233  1  0   290
2017 233  1  5   280
2017 233  1 10   260
2017 233  1 15   255
2017 233  1 20   291
2017 233  1 25   305
2017 233  1 30   368
2017 233  1 35   365
2017 233  1 40   291
2017 233  1 45   273
2017 233  1 50   260
2017 233  1 55   240
2017 233  2  0   185
2017 233  2  5   215
2017 233  2 10   216
2017 233  2 15   231
2017 233  2 20   301
2017 233  2 25   345
2017 233  2 30   395
2017 233  2 35   395
2017 233  2 40   464
2017 233  2 45   481
2017 233  2 50   415
2017 233  2 55   374
2017 233  3  0   365
2017 233  3  5   380
2017 233  3 10   377
2017 233  3 15   323
2017 233  3 20   294
2017 233  3 25   264
2017 233  3 30   260
2017 233  3 35   242
2017 233  3 40   229
2017 233  3 45   215
2017 233  3 50   208
2017 233  3 55   257
2017 233  4  0   271
2017 233  4  5   241
2017 233  4 10   185
2017 233  4 15   241
2017 233  4 20   414
2017 233  4 25   397
2017 233  4 30   362
2017 233  4 35   362
2017 233  4 40   366
2017 233  4 45   377
2017 233  4 50   384
2017 233  4 55   326
2017 233  5  0   301
2017 233  5  5   270
2017 233  5 10   251
2017 233  5 15   258
2017 233  5 20   386
2017 233  5 25   362
2017 233  5 30   316
2017 233  5 35   218
2017 233  5 40   249
2017 233  5 45   242
2017 233  5 50   218
2017 233  5 55   222
2017 233  6  0   217
2017 233  6  5   205
2017 233  6 10   256
2017 233  6 15   292
2017 233  6 20   330
2017 233  6 25   303
2017 233  6 30   293
2017 233  6 35   248
2017 233  6 40   237
2017 233  6 45   170
2017 233  6 50   176
2017 233  6 55   170
2017 233  7  0   160
2017 233  7  5   187
2017 233  7 10   203
2017 233  7 15   205
2017 233  7 20   226
2017 233  7 25   233
2017 233  7 30   220
2017 233  7 35   193
2017 233  7 40   159
2017 233  7 45   129
2017 233  7 50   170
2017 233  7 55   198
2017 233  8  0   268
2017 233  8  5   259
2017 233  8 10   275
2017 233  8 15   255
2017 233  8 20   368
2017 233  8 25   626
2017 233  8 30   588
2017 233  8 35   659
2017 233  8 40   702
2017 233  8 45   804
2017 233  8 50   828
2017 233  8 55   795
2017 233  9  0   718
2017 233  9  5   699
2017 233  9 10   625
2017 233  9 15   502
2017 233  9 20   474
2017 233  9 25   440
2017 233  9 30   482
2017 233  9 35   365
2017 233  9 40   365
2017 233  9 45   343
2017 233  9 50   409
2017 233  9 55   316
2017 233 10  0   261
2017 233 10  5   230
2017 233 10 10   217
2017 233 10 15   206
2017 233 10 20   204
2017 233 10 25   152
2017 233 10 30   117
2017 233 10 35   120
2017 233 10 40   121
2017 233 10 45   101
2017 233 10 50    71
2017 233 10 55    64
2017 233 11  0    54
2017 233 11  5    56
2017 233 11 10    64
2017 233 11 15    66
2017 233 11 20    79
2017 233 11 25    67
2017 233 11 30    60
2017 233 11 35    63
2017 233 11 40    55
2017 233 11 45    50
2017 233 11 50    49
2017 233 11 55    54
2017 233 12  0    71
2017 233 12  5    62
2017 233 12 10    60
2017 233 12 15   105
2017 233 12 20   132
2017 233 12 25   108
2017 233 12 30   124
2017 233 12 35   148
2017 233 12 40   143
2017 233 12 45   156
2017 233 12 50   134
2017 233 12 55   100
2017 233 13  0    78
2017 233 13  5    61
2017 233 13 10    71
2017 233 13 15    55
2017 233 13 20    43
2017 233 13 25    36
2017 233 13 30    45
2017 233 13 35    64
2017 233 13 40    39
2017 233 13 45    41
2017 233 13 50    54
2017 233 13 55    84
2017 233 14  0    65
2017 233 14  5    34
2017 233 14 10    29
2017 233 14 15    31
2017 233 14 20    32
2017 233 14 25    37
2017 233 14 30    40
2017 233 14 35    31
2017 233 14 40    24
2017 233 14 45    28
2017 233 14 50    38
2017 233 14 55    33
2017 233 15  0    31
2017 233 15  5    38
2017 233 15 10    38
2017 233 15 15    35
2017 233 15 20    36
2017 233 15 25    40
2017 233 15 30    40
2017 233 15 35    40
2017 233 15 40    38
2017 233 15 45    34
2017 233 15 50    42
2017 233 15 55    41
2017 233 16  0    38
2017 233 16  5    43
2017 233 16 10    49
2017 233 16 15    52
2017 233 16 20    57
2017 233 16 25    60
2017 233 16 30    67
2017 233 16 35    78
2017 233 16 40    78
2017 233 16 45    85
2017 233 16 50   100
2017 233 16 55   117
2017 233 17  0   120
2017 233 17  5   122
2017 233 17 10   130
2017 233 17 15   125
2017 233 17 20   132
2017 233 17 25   128
2017 233 17 30   163
2017 233 17 35   199
2017 233 17 40   173
2017 233 17 45   384
2017 233 17 50   513
2017 233 17 55   422
2017 233 18  0   475
2017 233 18  5   322
2017 233 18 10   261
2017 233 18 15   205
2017 233 18 20   192
2017 233 18 25   239
2017 233 18 30   332
2017 233 18 35   335
2017 233 18 40   282
2017 233 18 45   218
2017 233 18 50   232
2017 233 18 55   168
2017 233 19  0   155
2017 233 19  5   133
2017 233 19 10   117
2017 233 19 15   116
2017 233 19 20   109
2017 233 19 25   107
2017 233 19 30   136
2017 233 19 35   109
2017 233 19 40    88
2017 233 19 45   102
2017 233 19 50    86
2017 233 19 55    77
2017 233 20  0    75
2017 233 20  5    68
2017 233 20 10    65
2017 233 20 15    66
2017 233 20 20    68
2017 233 20 25    75
2017 233 20 30    55
2017 233 20 35    55
2017 233 20 40    98
2017 233 20 45   129
2017 233 20 50   130
2017 233 20 55   167
2017 233 21  0   227
2017 233 21  5   256
2017 233 21 10   300
2017 233 21 15   306
2017 233 21 20   302
2017 233 21 25   292
2017 233 21 30   328
2017 233 21 35   419
2017 233 21 40   426
2017 233 21 45   439
2017 233 21 50   436
2017 233 21 55   361
2017 233 22  0   315
2017 233 22  5   329
2017 233 22 10   319
2017 233 22 15   314
2017 233 22 20   312
2017 233 22 25   282
2017 233 22 30   214
2017 233 22 35   196
2017 233 22 40   186
2017 233 22 45   160
2017 233 22 50   143
2017 233 22 55   120
2017 233 23  0   113
2017 233 23  5    98
2017 233 23 10   122
2017 233 23 15   194
2017 233 23 20   146
2017 233 23 25   147
2017 233 23 30   209
2017 233 23 35   378
2017 233 23 40   366
2017 233 23 45   302
2017 233 23 50   226
2017 233 23 55   137
2017 234  0  0   175
2017 234  0  5   254
2017 234  0 10   294
2017 234  0 15   316
2017 234  0 20   430
2017 234  0 25   523
2017 234  0 30   578
2017 234  0 35   704
2017 234  0 40   784
2017 234  0 45   858
2017 234  0 50   839
2017 234  0 55   796
2017 234  1  0   890
2017 234  1  5   787
2017 234  1 10   698
2017 234  1 15   568
2017 234  1 20   567
2017 234  1 25   524
2017 234  1 30   524
2017 234  1 35   527
2017 234  1 40   514
2017 234  1 45   554
2017 234  1 50   580
2017 234  1 55   592
2017 234  2  0   614
2017 234  2  5   605
2017 234  2 10   690
2017 234  2 15   670
2017 234  2 20   581
2017 234  2 25   623
2017 234  2 30   846
2017 234  2 35  1023
2017 234  2 40  1316
2017 234  2 45  1570
2017 234  2 50  1686
2017 234  2 55  1622
2017 234  3  0  1416
2017 234  3  5  1068
2017 234  3 10   938
2017 234  3 15   806
2017 234  3 20   742
2017 234  3 25   751
2017 234  3 30   616
2017 234  3 35   561
2017 234  3 40   510
2017 234  3 45   582
2017 234  3 50   593
2017 234  3 55   571
2017 234  4  0   473
2017 234  4  5   481
2017 234  4 10   504
2017 234  4 15   447
2017 234  4 20   457
2017 234  4 25   477
2017 234  4 30   541
2017 234  4 35   629
2017 234  4 40   620
2017 234  4 45   587
2017 234  4 50   611
2017 234  4 55   656
2017 234  5  0   671
2017 234  5  5   613
2017 234  5 10   623
2017 234  5 15   576
2017 234  5 20   648
2017 234  5 25   696
2017 234  5 30   666
2017 234  5 35   690
2017 234  5 40   663
2017 234  5 45   572
2017 234  5 50   583
2017 234  5 55   528
2017 234  6  0   425
2017 234  6  5   369
2017 234  6 10   360
2017 234  6 15   349
2017 234  6 20   326
2017 234  6 25   228
2017 234  6 30   255
2017 234  6 35   276
2017 234  6 40   239
2017 234  6 45   166
2017 234  6 50   211
2017 234  6 55   238
2017 234  7  0   224
2017 234  7  5   299
2017 234  7 10   505
2017 234  7 15   471
2017 234  7 20   443
2017 234  7 25   364
2017 234  7 30   274
2017 234  7 35   198
2017 234  7 40   164
2017 234  7 45   138
2017 234  7 50   123
2017 234  7 55   168
2017 234  8  0   168
2017 234  8  5   224
2017 234  8 10   197
2017 234  8 15   214
2017 234  8 20   228
2017 234  8 25   231
2017 234  8 30   224
2017 234  8 35   236
2017 234  8 40   173
2017 234  8 45   150
2017 234  8 50   132
2017 234  8 55   130
2017 234  9  0    60
2017 234  9  5    66
2017 234  9 10   144
2017 234  9 15   175
2017 234  9 20   108
2017 234  9 25   106
2017 234  9 30   134
2017 234  9 35   181
2017 234  9 40   219
2017 234  9 45   233
2017 234  9 50   230
2017 234  9 55   249
2017 234 10  0   223
2017 234 10  5   222
2017 234 10 10   213
2017 234 10 15   210
2017 234 10 20   214
2017 234 10 25   188
2017 234 10 30   269
2017 234 10 35   213
2017 234 10 40   179
2017 234 10 45   148
2017 234 10 50   127
2017 234 10 55   120
2017 234 11  0   166
2017 234 11  5   199
2017 234 11 10   233
2017 234 11 15   222
2017 234 11 20   263
2017 234 11 25   211
2017 234 11 30   257
2017 234 11 35   318
2017 234 11 40   374
2017 234 11 45   430
2017 234 11 50   542
2017 234 11 55   621
2017 234 12  0   629
2017 234 12  5   613
2017 234 12 10   592
2017 234 12 15   578
2017 234 12 20   627
2017 234 12 25   595
2017 234 12 30   499
2017 234 12 35   464
2017 234 12 40   425
2017 234 12 45   502
2017 234 12 50   454
2017 234 12 55   324
2017 234 13  0   321
2017 234 13  5   349
2017 234 13 10   402
2017 234 13 15   640
2017 234 13 20   471
2017 234 13 25   431
2017 234 13 30   404
2017 234 13 35   361
2017 234 13 40   469
2017 234 13 45   446
2017 234 13 50   352
2017 234 13 55   287
2017 234 14  0   262
2017 234 14  5   274
2017 234 14 10   311
2017 234 14 15   288
2017 234 14 20   266
2017 234 14 25   342
2017 234 14 30   351
2017 234 14 35   324
2017 234 14 40   261
2017 234 14 45   208
2017 234 14 50   179
2017 234 14 55   202
2017 234 15  0   189
2017 234 15  5   189
2017 234 15 10   150
2017 234 15 15   150
2017 234 15 20   184
2017 234 15 25   131
2017 234 15 30   133
2017 234 15 35   126
2017 234 15 40   108
2017 234 15 45   165
2017 234 15 50   202
2017 234 15 55   226
2017 234 16  0   250
2017 234 16  5   242
2017 234 16 10   295
2017 234 16 15   332
2017 234 16 20   354
2017 234 16 25   330
2017 234 16 30   306
2017 234 16 35   280
2017 234 16 40   348
2017 234 16 45   318
2017 234 16 50   229
2017 234 16 55   187
2017 234 17  0   179
2017 234 17  5   172
2017 234 17 10   151
2017 234 17 15   140
2017 234 17 20   146
2017 234 17 25   139
2017 234 17 30   179
2017 234 17 35   168
2017 234 17 40   174
2017 234 17 45   164
2017 234 17 50   150
2017 234 17 55   156
2017 234 18  0   165
2017 234 18  5   122
2017 234 18 10   131
2017 234 18 15   133
2017 234 18 20   116
2017 234 18 25   103
2017 234 18 30    97
2017 234 18 35    84
2017 234 18 40    87
2017 234 18 45    74
2017 234 18 50    67
2017 234 18 55    76
2017 234 19  0    71
2017 234 19  5    76
2017 234 19 10    76
2017 234 19 15    74
2017 234 19 20    77
2017 234 19 25    82
2017 234 19 30    69
2017 234 19 35    61
2017 234 19 40    67
2017 234 19 45    76
2017 234 19 50    82
2017 234 19 55    80
2017 234 20  0    91
2017 234 20  5    86
2017 234 20 10    86
2017 234 20 15    96
2017 234 20 20   113
2017 234 20 25   120
2017 234 20 30   138
2017 234 20 35   156
2017 234 20 40   256
2017 234 20 45   353
2017 234 20 50   389
2017 234 20 55   424
2017 234 21  0   469
2017 234 21  5   573
2017 234 21 10   573
2017 234 21 15   576
2017 234 21 20   545
2017 234 21 25   578
2017 234 21 30   704
2017 234 21 35   793
2017 234 21 40   905
2017 234 21 45   846
2017 234 21 50   662
2017 234 21 55   671
2017 234 22  0   603
2017 234 22  5   679
2017 234 22 10   794
2017 234 22 15   864
2017 234 22 20   768
2017 234 22 25   751
2017 234 22 30   714
2017 234 22 35   744
2017 234 22 40   734
2017 234 22 45   712
2017 234 22 50   668
2017 234 22 55   647
2017 234 23  0   617
2017 234 23  5   652
2017 234 23 10   629
2017 234 23 15   637
2017 234 23 20   684
2017 234 23 25   704
2017 234 23 30   621
2017 234 23 35   537
2017 234 23 40   456
2017 234 23 45   338
2017 234 23 50   259
2017 234 23 55   257
2017 235  0  0   248
2017 235  0  5   221
2017 235  0 10   221
2017 235  0 15   243
2017 235  0 20   279
2017 235  0 25   311
2017 235  0 30   345
2017 235  0 35   377
2017 235  0 40   413
2017 235  0 45   360
2017 235  0 50   303
2017 235  0 55   326
2017 235  1  0   392
2017 235  1  5   474
2017 235  1 10   453
2017 235  1 15   486
2017 235  1 20   483
2017 235  1 25   481
2017 235  1 30   494
2017 235  1 35   488
2017 235  1 40   532
2017 235  1 45   544
2017 235  1 50   535
2017 235  1 55   516
2017 235  2  0   468
2017 235  2  5   523
2017 235  2 10   514
2017 235  2 15   514
2017 235  2 20   535
2017 235  2 25   541
2017 235  2 30   489
2017 235  2 35   437
2017 235  2 40   430
2017 235  2 45   562
2017 235  2 50   607
2017 235  2 55   640
2017 235  3  0   778
2017 235  3  5   763
2017 235  3 10   817
2017 235  3 15   735
2017 235  3 20   762
2017 235  3 25   793
2017 235  3 30   603
2017 235  3 35   411
2017 235  3 40   399
2017 235  3 45   381
2017 235  3 50   434
2017 235  3 55   505
2017 235  4  0   474
2017 235  4  5   483
2017 235  4 10   442
2017 235  4 15   419
2017 235  4 20   417
2017 235  4 25   463
2017 235  4 30   497
2017 235  4 35   431
2017 235  4 40   438
2017 235  4 45   478
2017 235  4 50   533
2017 235  4 55   614
2017 235  5  0   569
2017 235  5  5   544
2017 235  5 10   571
2017 235  5 15   561
2017 235  5 20   572
2017 235  5 25   605
2017 235  5 30   559
2017 235  5 35   497
2017 235  5 40   488
2017 235  5 45   486
2017 235  5 50   451
2017 235  5 55   450
2017 235  6  0   405
2017 235  6  5   408
2017 235  6 10   306
2017 235  6 15   245
2017 235  6 20   246
2017 235  6 25   258
2017 235  6 30   319
2017 235  6 35   369
2017 235  6 40   429
2017 235  6 45   498
2017 235  6 50   513
2017 235  6 55   499
2017 235  7  0   501
2017 235  7  5   526
2017 235  7 10   525
2017 235  7 15   444
2017 235  7 20   386
2017 235  7 25   355
2017 235  7 30   420
2017 235  7 35   523
2017 235  7 40   525
2017 235  7 45   504
2017 235  7 50   501
2017 235  7 55   566
2017 235  8  0   597
2017 235  8  5   671
2017 235  8 10   716
2017 235  8 15   717
2017 235  8 20   746
2017 235  8 25   791
2017 235  8 30   820
2017 235  8 35   880
2017 235  8 40   885
2017 235  8 45   816
2017 235  8 50   781
2017 235  8 55   726
2017 235  9  0   674
2017 235  9  5   638
2017 235  9 10   588
2017 235  9 15   593
2017 235  9 20   592
2017 235  9 25   667
2017 235  9 30   655
2017 235  9 35   640
2017 235  9 40   658
2017 235  9 45   555
2017 235  9 50   528
2017 235  9 55   495
2017 235 10  0   524
2017 235 10  5   485
2017 235 10 10   459
2017 235 10 15   417
2017 235 10 20   423
2017 235 10 25   402
2017 235 10 30   412
2017 235 10 35   408
2017 235 10 40   409
2017 235 10 45   436
2017 235 10 50   419
2017 235 10 55   411
2017 235 11  0   403
2017 235 11  5   368
2017 235 11 10   343
2017 235 11 15   402
2017 235 11 20   387
2017 235 11 25   473
2017 235 11 30   492
2017 235 11 35   534
2017 235 11 40   537
2017 235 11 45   494
2017 235 11 50   497
2017 235 11 55   479
2017 235 12  0   525
2017 235 12  5   610
2017 235 12 10   676
2017 235 12 15   550
2017 235 12 20   620
2017 235 12 25   670
2017 235 12 30   654
2017 235 12 35   649
2017 235 12 40   593
2017 235 12 45   645
2017 235 12 50   605
2017 235 12 55   547
2017 235 13  0   608
2017 235 13  5   647
2017 235 13 10   627
2017 235 13 15   564
2017 235 13 20   544
2017 235 13 25   618
2017 235 13 30   693
2017 235 13 35   724
2017 235 13 40   909
2017 235 13 45  1087
2017 235 13 50   973
2017 235 13 55  1128
2017 235 14  0  1147
2017 235 14  5  1331
2017 235 14 10  1341
2017 235 14 15  1215
2017 235 14 20  1179
2017 235 14 25  1306
2017 235 14 30   972
2017 235 14 35   800
2017 235 14 40   753
2017 235 14 45   900
2017 235 14 50   776
2017 235 14 55   905
2017 235 15  0   788
2017 235 15  5   751
2017 235 15 10   789
2017 235 15 15   880
2017 235 15 20   943
2017 235 15 25   676
2017 235 15 30   869
2017 235 15 35   913
2017 235 15 40  1177
2017 235 15 45   983
2017 235 15 50  1013
2017 235 15 55   806
2017 235 16  0   849
2017 235 16  5   940
2017 235 16 10   841
2017 235 16 15  1016
2017 235 16 20   847
2017 235 16 25  1008
2017 235 16 30   999
2017 235 16 35   862
2017 235 16 40   915
2017 235 16 45   900
2017 235 16 50   695
2017 235 16 55   750
2017 235 17  0   815
2017 235 17  5   745
2017 235 17 10   718
2017 235 17 15   726
2017 235 17 20   882
2017 235 17 25   639
2017 235 17 30   789
2017 235 17 35   944
2017 235 17 40  1107
2017 235 17 45  1185
2017 235 17 50  1035
2017 235 17 55  1234
2017 235 18  0  1223
2017 235 18  5  1083
2017 235 18 10  1076
2017 235 18 15   905
2017 235 18 20  1112
2017 235 18 25   974
2017 235 18 30   839
2017 235 18 35   883
2017 235 18 40   774
2017 235 18 45   710
2017 235 18 50   555
2017 235 18 55   579
2017 235 19  0   547
2017 235 19  5   502
2017 235 19 10   419
2017 235 19 15   355
2017 235 19 20   314
2017 235 19 25   273
2017 235 19 30   218
2017 235 19 35   168
2017 235 19 40   106
2017 235 19 45    97
2017 235 19 50   129
2017 235 19 55   188
2017 235 20  0   184
2017 235 20  5   165
2017 235 20 10   172
2017 235 20 15   161
2017 235 20 20   145
2017 235 20 25   133
2017 235 20 30   129
2017 235 20 35   116
2017 235 20 40   109
2017 235 20 45   103
2017 235 20 50   136
2017 235 20 55   114
2017 235 21  0   103
2017 235 21  5   150
2017 235 21 10   171
2017 235 21 15   194
2017 235 21 20   233
2017 235 21 25   309
2017 235 21 30   301
2017 235 21 35   327
2017 235 21 40   361
2017 235 21 45   317
2017 235 21 50   354
2017 235 21 55   405
2017 235 22  0   467
2017 235 22  5   366
2017 235 22 10   326
2017 235 22 15   352
2017 235 22 20   402
2017 235 22 25   398
2017 235 22 30   441
2017 235 22 35   481
2017 235 22 40   492
2017 235 22 45   513
2017 235 22 50   525
2017 235 22 55   567
2017 235 23  0   442
2017 235 23  5   450
2017 235 23 10   469
2017 235 23 15   457
2017 235 23 20   417
2017 235 23 25   394
2017 235 23 30   380
2017 235 23 35   383
2017 235 23 40   398
2017 235 23 45   365
2017 235 23 50   330
2017 235 23 55   348
2017 236  0  0   395
2017 236  0  5   377
2017 236  0 10   374
2017 236  0 15   394
2017 236  0 20   411
2017 236  0 25   367
2017 236  0 30   361
2017 236  0 35   366
2017 236  0 40   366
2017 236  0 45   360
2017 236  0 50   354
2017 236  0 55   334
2017 236  1  0   312
2017 236  1  5   309
2017 236  1 10   265
2017 236  1 15   254
2017 236  1 20   253
2017 236  1 25   266
2017 236  1 30   259
2017 236  1 35   270
2017 236  1 40   259
2017 236  1 45   254
2017 236  1 50   228
2017 236  1 55   237
2017 236  2  0   311
2017 236  2  5   457
2017 236  2 10   545
2017 236  2 15   607
2017 236  2 20   569
2017 236  2 25   517
2017 236  2 30   466
2017 236  2 35   405
2017 236  2 40   360
2017 236  2 45   395
2017 236  2 50   383
2017 236  2 55   376
2017 236  3  0   338
2017 236  3  5   354
2017 236  3 10   327
2017 236  3 15   342
2017 236  3 20   367
2017 236  3 25   408
2017 236  3 30   450
2017 236  3 35   436
2017 236  3 40   458
2017 236  3 45   446
2017 236  3 50   391
2017 236  3 55   403
2017 236  4  0   415
2017 236  4  5   422
2017 236  4 10   407
2017 236  4 15   476
2017 236  4 20   483
2017 236  4 25   514
2017 236  4 30   538
2017 236  4 35   494
2017 236  4 40   554
2017 236  4 45   569
2017 236  4 50   486
2017 236  4 55   421
2017 236  5  0   423
2017 236  5  5   449
2017 236  5 10   518
2017 236  5 15   507
2017 236  5 20   684
2017 236  5 25   653
2017 236  5 30   744
2017 236  5 35   552
2017 236  5 40   520
2017 236  5 45   611
2017 236  5 50   620
2017 236  5 55   645
2017 236  6  0   543
2017 236  6  5   496
2017 236  6 10   466
2017 236  6 15   489
2017 236  6 20   485
2017 236  6 25   502
2017 236  6 30   521
2017 236  6 35   487
2017 236  6 40   468
2017 236  6 45   315
2017 236  6 50   385
2017 236  6 55   408
2017 236  7  0   382
2017 236  7  5   398
2017 236  7 10   458
2017 236  7 15   583
2017 236  7 20   474
2017 236  7 25   448
2017 236  7 30   462
2017 236  7 35   464
2017 236  7 40   590
2017 236  7 45   533
2017 236  7 50   423
2017 236  7 55   344
2017 236  8  0   286
2017 236  8  5   304
2017 236  8 10   337
2017 236  8 15   527
2017 236  8 20   505
2017 236  8 25   487
2017 236  8 30   475
2017 236  8 35   553
2017 236  8 40   761
2017 236  8 45   698
2017 236  8 50   690
2017 236  8 55   588
2017 236  9  0   451
2017 236  9  5   434
2017 236  9 10   382
2017 236  9 15   407
2017 236  9 20   433
2017 236  9 25   428
2017 236  9 30   387
2017 236  9 35   328
2017 236  9 40   304
2017 236  9 45   291
2017 236  9 50   299
2017 236  9 55   300
2017 236 10  0   316
2017 236 10  5   259
2017 236 10 10   265
2017 236 10 15   234
2017 236 10 20   236
2017 236 10 25   263
2017 236 10 30   286
2017 236 10 35   292
2017 236 10 40   304
2017 236 10 45   306
2017 236 10 50   321
2017 236 10 55   338
2017 236 11  0   337
2017 236 11  5   284
2017 236 11 10   255
2017 236 11 15   352
2017 236 11 20   392
2017 236 11 25   389
2017 236 11 30   393
2017 236 11 35   468
2017 236 11 40   473
2017 236 11 45   582
2017 236 11 50   644
2017 236 11 55   650
2017 236 12  0   701
2017 236 12  5   486
2017 236 12 10   614
2017 236 12 15   613
2017 236 12 20   586
2017 236 12 25   576
2017 236 12 30   604
2017 236 12 35   628
2017 236 12 40   584
2017 236 12 45   882
2017 236 12 50   674
2017 236 12 55   524
2017 236 13  0   452
2017 236 13  5   445
2017 236 13 10   381
2017 236 13 15   415
2017 236 13 20   373
2017 236 13 25   403
2017 236 13 30   375
2017 236 13 35   345
2017 236 13 40   318
2017 236 13 45   315
2017 236 13 50   286
2017 236 13 55   221
2017 236 14  0   225
2017 236 14  5   202
2017 236 14 10   186
2017 236 14 15   172
2017 236 14 20   236
2017 236 14 25   242
2017 236 14 30   231
2017 236 14 35   231
2017 236 14 40   281
2017 236 14 45   258
2017 236 14 50   285
2017 236 14 55   308
2017 236 15  0   331
2017 236 15  5   381
2017 236 15 10   397
2017 236 15 15   348
2017 236 15 20   296
2017 236 15 25   246
2017 236 15 30   201
2017 236 15 35   168
2017 236 15 40   140
2017 236 15 45    94
2017 236 15 50    60
2017 236 15 55    62
2017 236 16  0    54
2017 236 16  5    56
2017 236 16 10    53
2017 236 16 15    60
2017 236 16 20    61
2017 236 16 25    51
2017 236 16 30    47
2017 236 16 35    46
2017 236 16 40    45
2017 236 16 45    53
2017 236 16 50    56
2017 236 16 55    56
2017 236 17  0    54
2017 236 17  5    59
2017 236 17 10    55
2017 236 17 15    51
2017 236 17 20    49
2017 236 17 25    50
2017 236 17 30    49
2017 236 17 35    49
2017 236 17 40    41
2017 236 17 45    49
2017 236 17 50    54
2017 236 17 55    53
2017 236 18  0    54
2017 236 18  5    56
2017 236 18 10    65
2017 236 18 15    69
2017 236 18 20    56
2017 236 18 25    55
2017 236 18 30    55
2017 236 18 35    64
2017 236 18 40    60
2017 236 18 45    41
2017 236 18 50    41
2017 236 18 55    56
2017 236 19  0    45
2017 236 19  5    40
2017 236 19 10    31
2017 236 19 15    27
2017 236 19 20    24
2017 236 19 25    25
2017 236 19 30    27
2017 236 19 35    32
2017 236 19 40    26
2017 236 19 45    22
2017 236 19 50    19
2017 236 19 55    20
2017 236 20  0    21
2017 236 20  5    24
2017 236 20 10    22
2017 236 20 15    21
2017 236 20 20    20
2017 236 20 25    21
2017 236 20 30    22
2017 236 20 35    24
2017 236 20 40    24
2017 236 20 45    22
2017 236 20 50    31
2017 236 20 55    41
2017 236 21  0    40
2017 236 21  5    34
2017 236 21 10    27
2017 236 21 15    27
2017 236 21 20    33
2017 236 21 25    35
2017 236 21 30    41
2017 236 21 35    44
2017 236 21 40    42
2017 236 21 45    41
2017 236 21 50    47
2017 236 21 55    47
2017 236 22  0    47
2017 236 22  5    44
2017 236 22 10    42
2017 236 22 15    44
2017 236 22 20    43
2017 236 22 25    41
2017 236 22 30    42
2017 236 22 35    54
2017 236 22 40    53
2017 236 22 45    47
2017 236 22 50    42
2017 236 22 55    42
2017 236 23  0    53
2017 236 23  5    53
2017 236 23 10    57
2017 236 23 15    57
2017 236 23 20    57
2017 236 23 25    54
2017 236 23 30    58
2017 236 23 35    59
2017 236 23 40    66
2017 236 23 45    79
2017 236 23 50    74
2017 236 23 55    65
2017 237  0  0    62
2017 237  0  5    60
2017 237  0 10    58
2017 237  0 15    55
2017 237  0 20    61
2017 237  0 25    60
2017 237  0 30    66
2017 237  0 35    73
2017 237  0 40    74
2017 237  0 45    72
2017 237  0 50    91
2017 237  0 55    89
2017 237  1  0    71
2017 237  1  5    61
2017 237  1 10    61
2017 237  1 15    60
2017 237  1 20    64
2017 237  1 25    62
2017 237  1 30    65
2017 237  1 35    67
2017 237  1 40    66
2017 237  1 45    65
2017 237  1 50    66
2017 237  1 55    67
2017 237  2  0    67
2017 237  2  5    63
2017 237  2 10    62
2017 237  2 15    58
2017 237  2 20    63
2017 237  2 25    63
2017 237  2 30    64
2017 237  2 35    61
2017 237  2 40    80
2017 237  2 45    66
2017 237  2 50    75
2017 237  2 55    74
2017 237  3  0    70
2017 237  3  5    70
2017 237  3 10    69
2017 237  3 15    65
2017 237  3 20    65
2017 237  3 25    68
2017 237  3 30    69
2017 237  3 35    65
2017 237  3 40    65
2017 237  3 45    66
2017 237  3 50    65
2017 237  3 55    62
2017 237  4  0    57
2017 237  4  5    55
2017 237  4 10    55
2017 237  4 15    55
2017 237  4 20    55
2017 237  4 25    57
2017 237  4 30    58
2017 237  4 35    61
2017 237  4 40    62
2017 237  4 45    64
2017 237  4 50    67
2017 237  4 55    66
2017 237  5  0    70
2017 237  5  5    73
2017 237  5 10    72
2017 237  5 15    66
2017 237  5 20    63
2017 237  5 25    82
2017 237  5 30    62
2017 237  5 35    46
2017 237  5 40    79
2017 237  5 45    95
2017 237  5 50   122
2017 237  5 55   142
2017 237  6  0   132
2017 237  6  5   130
2017 237  6 10   136
2017 237  6 15   112
2017 237  6 20    99
2017 237  6 25   140
2017 237  6 30   174
2017 237  6 35   212
2017 237  6 40   226
2017 237  6 45   208
2017 237  6 50   192
2017 237  6 55   169
2017 237  7  0   138
2017 237  7  5    92
2017 237  7 10    60
2017 237  7 15    63
2017 237  7 20    68
2017 237  7 25    93
2017 237  7 30   148
2017 237  7 35   149
2017 237  7 40   195
2017 237  7 45   189
2017 237  7 50   160
2017 237  7 55   132
2017 237  8  0   127
2017 237  8  5   105
2017 237  8 10    82
2017 237  8 15    70
2017 237  8 20    60
2017 237  8 25    62
2017 237  8 30    70
2017 237  8 35    81
2017 237  8 40    84
2017 237  8 45    85
2017 237  8 50    77
2017 237  8 55    61
2017 237  9  0    61
2017 237  9  5    48
2017 237  9 10    60
2017 237  9 15    67
2017 237  9 20    69
2017 237  9 25    68
2017 237  9 30    62
2017 237  9 35    62
2017 237  9 40    50
2017 237  9 45    52
2017 237  9 50    62
2017 237  9 55    61
2017 237 10  0    53
2017 237 10  5    63
2017 237 10 10    83
2017 237 10 15    99
2017 237 10 20    83
2017 237 10 25    75
2017 237 10 30    65
2017 237 10 35    70
2017 237 10 40    69
2017 237 10 45    97
2017 237 10 50   259
2017 237 10 55   239
2017 237 11  0   248
2017 237 11  5   242
2017 237 11 10   225
2017 237 11 15   210
2017 237 11 20   193
2017 237 11 25   196
2017 237 11 30   232
2017 237 11 35   201
2017 237 11 40   172
2017 237 11 45   190
2017 237 11 50   198
2017 237 11 55   245
2017 237 12  0   322
2017 237 12  5   405
2017 237 12 10   492
2017 237 12 15   492
2017 237 12 20   504
2017 237 12 25   435
2017 237 12 30   360
2017 237 12 35   364
2017 237 12 40   320
2017 237 12 45   284
2017 237 12 50   239
2017 237 12 55   203
2017 237 13  0   194
2017 237 13  5   164
2017 237 13 10   169
2017 237 13 15   180
2017 237 13 20   178
2017 237 13 25   182
2017 237 13 30   184
2017 237 13 35   198
2017 237 13 40   176
2017 237 13 45   182
2017 237 13 50   142
2017 237 13 55   146
2017 237 14  0   130
2017 237 14  5   129
2017 237 14 10   139
2017 237 14 15   127
2017 237 14 20   118
2017 237 14 25   111
2017 237 14 30   102
2017 237 14 35    87
2017 237 14 40    73
2017 237 14 45    87
2017 237 14 50    89
2017 237 14 55   132
2017 237 15  0   111
2017 237 15  5   118
2017 237 15 10   134
2017 237 15 15    98
2017 237 15 20   114
2017 237 15 25   110
2017 237 15 30    87
2017 237 15 35    94
2017 237 15 40   116
2017 237 15 45   119
2017 237 15 50   116
2017 237 15 55   120
2017 237 16  0   131
2017 237 16  5   121
2017 237 16 10   118
2017 237 16 15   105
2017 237 16 20    87
2017 237 16 25    74
2017 237 16 30   108
2017 237 16 35   116
2017 237 16 40   163
2017 237 16 45   201
2017 237 16 50   220
2017 237 16 55   210
2017 237 17  0   196
2017 237 17  5   194
2017 237 17 10   210
2017 237 17 15   200
2017 237 17 20   202
2017 237 17 25   193
2017 237 17 30   169
2017 237 17 35   189
2017 237 17 40   160
2017 237 17 45   189
2017 237 17 50   152
2017 237 17 55   139
2017 237 18  0   133
2017 237 18  5   122
2017 237 18 10   128
2017 237 18 15   127
2017 237 18 20   126
2017 237 18 25   106
2017 237 18 30    82
2017 237 18 35    71
2017 237 18 40    65
2017 237 18 45    43
2017 237 18 50    36
2017 237 18 55    37
2017 237 19  0    43
2017 237 19  5    35
2017 237 19 10    38
2017 237 19 15    34
2017 237 19 20    35
2017 237 19 25    35
2017 237 19 30    42
2017 237 19 35    43
2017 237 19 40    40
2017 237 19 45    38
2017 237 19 50    44
2017 237 19 55    41
2017 237 20  0    29
2017 237 20  5    39
2017 237 20 10    43
2017 237 20 15    52
2017 237 20 20    50
2017 237 20 25    50
2017 237 20 30    46
2017 237 20 35    51
2017 237 20 40    70
2017 237 20 45    68
2017 237 20 50   112
2017 237 20 55   187
2017 237 21  0   192
2017 237 21  5   185
2017 237 21 10   272
2017 237 21 15   264
2017 237 21 20   255
2017 237 21 25   234
2017 237 21 30   224
2017 237 21 35   308
2017 237 21 40   379
2017 237 21 45   385
2017 237 21 50   317
2017 237 21 55   267
2017 237 22  0   237
2017 237 22  5   203
2017 237 22 10   174
2017 237 22 15   187
2017 237 22 20   162
2017 237 22 25   135
2017 237 22 30   110
2017 237 22 35    84
2017 237 22 40    72
2017 237 22 45    57
2017 237 22 50    41
2017 237 22 55    46
2017 237 23  0    64
2017 237 23  5   102
2017 237 23 10   119
2017 237 23 15    97
2017 237 23 20    86
2017 237 23 25    61
2017 237 23 30    55
2017 237 23 35    38
2017 237 23 40    34
2017 237 23 45    32
2017 237 23 50    27
2017 237 23 55    29
2017 238  0  0    38
2017 238  0  5    35
2017 238  0 10    34
2017 238  0 15    42
2017 238  0 20    46
2017 238  0 25    27
2017 238  0 30    35
2017 238  0 35    36
2017 238  0 40    30
2017 238  0 45    41
2017 238  0 50    49
2017 238  0 55    42
2017 238  1  0    37
2017 238  1  5    38
2017 238  1 10    40
2017 238  1 15    42
2017 238  1 20    41
2017 238  1 25    35
2017 238  1 30    35
2017 238  1 35    36
2017 238  1 40    32
2017 238  1 45    31
2017 238  1 50    33
2017 238  1 55    37
2017 238  2  0    33
2017 238  2  5    32
2017 238  2 10    34
2017 238  2 15    32
2017 238  2 20    32
2017 238  2 25    34
2017 238  2 30    30
2017 238  2 35    31
2017 238  2 40    33
2017 238  2 45    33
2017 238  2 50    32
2017 238  2 55    30
2017 238  3  0    30
2017 238  3  5    28
2017 238  3 10    30
2017 238  3 15    30
2017 238  3 20    36
2017 238  3 25    40
2017 238  3 30    38
2017 238  3 35    54
2017 238  3 40    61
2017 238  3 45    55
2017 238  3 50    55
2017 238  3 55    62
2017 238  4  0    58
2017 238  4  5    83
2017 238  4 10    74
2017 238  4 15    67
2017 238  4 20    58
2017 238  4 25    58
2017 238  4 30    56
2017 238  4 35    60
2017 238  4 40    55
2017 238  4 45    73
2017 238  4 50    85
2017 238  4 55    82
2017 238  5  0    74
2017 238  5  5    64
2017 238  5 10    92
2017 238  5 15    66
2017 238  5 20    82
2017 238  5 25    98
2017 238  5 30   111
2017 238  5 35   105
2017 238  5 40    96
2017 238  5 45    93
2017 238  5 50   101
2017 238  5 55   109
2017 238  6  0   108
2017 238  6  5   107
2017 238  6 10   218
2017 238  6 15   256
2017 238  6 20   203
2017 238  6 25   222
2017 238  6 30   196
2017 238  6 35   174
2017 238  6 40   198
2017 238  6 45   204
2017 238  6 50   177
2017 238  6 55   196
2017 238  7  0   189
2017 238  7  5   207
2017 238  7 10   219
2017 238  7 15   168
2017 238  7 20   165
2017 238  7 25   169
2017 238  7 30   133
2017 238  7 35   131
2017 238  7 40    88
2017 238  7 45    90
2017 238  7 50    82
2017 238  7 55    71
2017 238  8  0    66
2017 238  8  5    57
2017 238  8 10    57
2017 238  8 15    55
2017 238  8 20    50
2017 238  8 25    51
2017 238  8 30    60
2017 238  8 35    61
2017 238  8 40    62
2017 238  8 45    67
2017 238  8 50    64
2017 238  8 55    65
2017 238  9  0    67
2017 238  9  5    63
2017 238  9 10    57
2017 238  9 15    56
2017 238  9 20    65
2017 238  9 25    52
2017 238  9 30    58
2017 238  9 35    65
2017 238  9 40    67
2017 238  9 45    48
2017 238  9 50    54
2017 238  9 55    51
2017 238 10  0    52
2017 238 10  5    52
2017 238 10 10    51
2017 238 10 15    52
2017 238 10 20    53
2017 238 10 25    60
2017 238 10 30    56
2017 238 10 35    71
2017 238 10 40    54
2017 238 10 45    54
2017 238 10 50    54
2017 238 10 55    55
2017 238 11  0    51
2017 238 11  5    51
2017 238 11 10    52
2017 238 11 15    48
2017 238 11 20    50
2017 238 11 25    53
2017 238 11 30    52
2017 238 11 35    47
2017 238 11 40    53
2017 238 11 45    51
2017 238 11 50    48
2017 238 11 55    49
2017 238 12  0    51
2017 238 12  5    54
2017 238 12 10    50
2017 238 12 15    54
2017 238 12 20    52
2017 238 12 25    52
2017 238 12 30    50
2017 238 12 35    55
2017 238 12 40    53
2017 238 12 45    53
2017 238 12 50    65
2017 238 12 55    72
2017 238 13  0    69
2017 238 13  5    69
2017 238 13 10    80
2017 238 13 15    99
2017 238 13 20   122
2017 238 13 25   116
2017 238 13 30   101
2017 238 13 35    88
2017 238 13 40    71
2017 238 13 45    83
2017 238 13 50    90
2017 238 13 55    96
2017 238 14  0    96
2017 238 14  5    96
2017 238 14 10    98
2017 238 14 15    90
2017 238 14 20    83
2017 238 14 25    70
2017 238 14 30    61
2017 238 14 35    47
2017 238 14 40    53
2017 238 14 45    42
2017 238 14 50    42
2017 238 14 55   123
2017 238 15  0   142
2017 238 15  5   143
2017 238 15 10   165
2017 238 15 15   243
2017 238 15 20   317
2017 238 15 25   310
2017 238 15 30   252
2017 238 15 35   195
2017 238 15 40   136
2017 238 15 45    99
2017 238 15 50    79
2017 238 15 55    97
2017 238 16  0    52
2017 238 16  5    62
2017 238 16 10    67
2017 238 16 15    48
2017 238 16 20    38
2017 238 16 25    36
2017 238 16 30    36
2017 238 16 35    38
2017 238 16 40    35
2017 238 16 45    36
2017 238 16 50    68
2017 238 16 55    73
2017 238 17  0    46
2017 238 17  5    51
2017 238 17 10    57
2017 238 17 15    29
2017 238 17 20    25
2017 238 17 25    40
2017 238 17 30    79
2017 238 17 35    53
2017 238 17 40    51
2017 238 17 45    63
2017 238 17 50    63
2017 238 17 55    91
2017 238 18  0   100
2017 238 18  5   117
2017 238 18 10    88
2017 238 18 15    65
2017 238 18 20    59
2017 238 18 25    44
2017 238 18 30    44
2017 238 18 35    47
2017 238 18 40    54
2017 238 18 45    57
2017 238 18 50    62
2017 238 18 55    57
2017 238 19  0    60
2017 238 19  5    51
2017 238 19 10    44
2017 238 19 15    51
2017 238 19 20    56
2017 238 19 25   109
2017 238 19 30   145
2017 238 19 35   187
2017 238 19 40   121
2017 238 19 45   108
2017 238 19 50   126
2017 238 19 55   125
2017 238 20  0   158
2017 238 20  5   191
2017 238 20 10   201
2017 238 20 15   191
2017 238 20 20   164
2017 238 20 25   186
2017 238 20 30   176
2017 238 20 35   160
2017 238 20 40   121
2017 238 20 45    99
2017 238 20 50    72
2017 238 20 55    54
2017 238 21  0    55
2017 238 21  5    66
2017 238 21 10    69
2017 238 21 15    70
2017 238 21 20    61
2017 238 21 25    52
2017 238 21 30    42
2017 238 21 35    41
2017 238 21 40    45
2017 238 21 45    49
2017 238 21 50    51
2017 238 21 55    55
2017 238 22  0    85
2017 238 22  5    93
2017 238 22 10    89
2017 238 22 15    64
2017 238 22 20    46
2017 238 22 25    48
2017 238 22 30    50
2017 238 22 35    54
2017 238 22 40    57
2017 238 22 45    77
2017 238 22 50    65
2017 238 22 55    58
2017 238 23  0    49
2017 238 23  5    50
2017 238 23 10    46
2017 238 23 15    44
2017 238 23 20    40
2017 238 23 25    33
2017 238 23 30    37
2017 238 23 35    33
2017 238 23 40    33
2017 238 23 45    34
2017 238 23 50    36
2017 238 23 55    35
